1.705936712944955648e+18 -3.406274082244680201e-01 1.055436526636063799e-01
1.705936712960269824e+18 -3.404058581564644026e-01 1.061536316300382005e-01
1.705936712977096192e+18 -3.401587578646841914e-01 1.065303162032584933e-01
1.705936712992783360e+18 -3.398662368259164901e-01 1.069126964014214115e-01
1.705936713008815104e+18 -3.396111442432531158e-01 1.072868163703654537e-01
1.705936713024854784e+18 -3.393301292582356909e-01 1.075968164259684945e-01
1.705936713041124608e+18 -3.389493115436464366e-01 1.078379399489652612e-01
1.705936713056304640e+18 -3.385396870721208429e-01 1.081065873149553852e-01
1.705936713073058304e+18 -3.382214894059034083e-01 1.083918044946427933e-01
1.705936713088178432e+18 -3.378021759567526039e-01 1.087623944333954706e-01
1.705936713104872448e+18 -3.373693549688462356e-01 1.090932841631916395e-01
1.705936713120543488e+18 -3.370027646054965520e-01 1.094168940567703391e-01
1.705936713136965120e+18 -3.365309762555526718e-01 1.098501764424226756e-01
1.705936713152431104e+18 -3.360268383695503847e-01 1.103351148738316717e-01
1.705936713168848896e+18 -3.356495582459096405e-01 1.107207504465791137e-01
1.705936713185147904e+18 -3.351248416259520191e-01 1.112382921487026499e-01
1.705936713201110784e+18 -3.345018471603509180e-01 1.117818605034339718e-01
1.705936713217836288e+18 -3.340764943793997910e-01 1.122184502644973797e-01
1.705936713235123712e+18 -3.334032117450671517e-01 1.126080425285899411e-01
1.705936713251092224e+18 -3.326512459259622356e-01 1.131328887524135074e-01
1.705936713265475072e+18 -3.321663486536818866e-01 1.135644451361798452e-01
1.705936713281655808e+18 -3.314816600457976548e-01 1.141082629042516755e-01
1.705936713299229184e+18 -3.306681222866483250e-01 1.146769676951464312e-01
1.705936713312612608e+18 -3.301467442747421654e-01 1.151199199874487628e-01
1.705936713328553472e+18 -3.293781856921454421e-01 1.155281240744850252e-01
1.705936713345261312e+18 -3.285032947920344393e-01 1.159407374780820899e-01
1.705936713360589568e+18 -3.279706602963642359e-01 1.163924224338542951e-01
1.705936713376777472e+18 -3.270899876890205338e-01 1.169273646891972468e-01
1.705936713392890624e+18 -3.260665380173753958e-01 1.175653688841775263e-01
1.705936713408660480e+18 -3.255552817765794971e-01 1.181846884412991183e-01
1.705936713425133056e+18 -3.245966937764215299e-01 1.189250129250436910e-01
1.705936713440972544e+18 -3.234933237115498739e-01 1.197376907801239732e-01
1.705936713456963584e+18 -3.229373656615403543e-01 1.204689996431466126e-01
1.705936713472756736e+18 -3.219208325346838984e-01 1.212961118442631714e-01
1.705936713488914176e+18 -3.208447747999542132e-01 1.223144922726003142e-01
1.705936713507085056e+18 -3.203228778860301995e-01 1.231270122687981583e-01
1.705936713521179136e+18 -3.192615552147089475e-01 1.241424336887017865e-01
1.705936713536783616e+18 -3.180453940945696667e-01 1.251907862726059362e-01
1.705936713552869120e+18 -3.175347027687178691e-01 1.259167829310067488e-01
1.705936713569320448e+18 -3.162757196262505621e-01 1.268163168233104043e-01
1.705936713585406208e+18 -3.147808486891737201e-01 1.277893610897550269e-01
1.705936713601232128e+18 -3.141961598048037541e-01 1.284753828663595665e-01
1.705936713619472896e+18 -3.128035338105271679e-01 1.292815790026025091e-01
1.705936713632833536e+18 -3.111267186974389087e-01 1.301614831050094123e-01
1.705936713650490112e+18 -3.105512824465735400e-01 1.307984977549140893e-01
1.705936713667646720e+18 -3.090244994079063834e-01 1.315009332336661285e-01
1.705936713680799488e+18 -3.074037369740148518e-01 1.323905205461658185e-01
1.705936713696280832e+18 -3.068627857917909929e-01 1.329626762422756736e-01
1.705936713712756224e+18 -3.053752844375360875e-01 1.337935357093233413e-01
1.705936713728336128e+18 -3.037066033653095243e-01 1.347485007063200513e-01
1.705936713744927744e+18 -3.030652628828954809e-01 1.353559606765599721e-01
1.705936713760463360e+18 -3.015374987331387868e-01 1.361460102391884863e-01
1.705936713776896512e+18 -2.998530119947887540e-01 1.371784082507804259e-01
1.705936713792525056e+18 -2.992264704903491723e-01 1.377859927737275503e-01
1.705936713809070336e+18 -2.978156564381957416e-01 1.386062857397439285e-01
1.705936713825812224e+18 -2.962252522605411942e-01 1.396214560008343097e-01
1.705936713841328128e+18 -2.956472256127794518e-01 1.402015117528713217e-01
1.705936713856985344e+18 -2.941656519326140140e-01 1.411207789792680578e-01
1.705936713872924160e+18 -2.925610576641601290e-01 1.420924382729669422e-01
1.705936713888629504e+18 -2.920113326856153546e-01 1.425953375416036950e-01
1.705936713905065472e+18 -2.905664939623004428e-01 1.434298244591347415e-01
1.705936713920391424e+18 -2.889462225758551717e-01 1.444280093037653701e-01
1.705936713937102336e+18 -2.882844980532308088e-01 1.448352485602302231e-01
1.705936713952163328e+18 -2.868370642751286170e-01 1.454063532103207768e-01
1.705936713968875008e+18 -2.853253731801509985e-01 1.462997723768212910e-01
1.705936713984435456e+18 -2.848300242341281763e-01 1.469169226690479335e-01
1.705936714000862976e+18 -2.836267464164400898e-01 1.478397313976313743e-01
1.705936714016453888e+18 -2.823640810240719556e-01 1.491191439250534045e-01
1.705936714032618240e+18 -2.820241695596054088e-01 1.501126910550934501e-01
1.705936714048219136e+18 -2.809435562471436221e-01 1.511909643216907961e-01
1.705936714065576960e+18 -2.797031187696974452e-01 1.525014926276444804e-01
1.705936714080328960e+18 -2.793137783387767970e-01 1.536153174197153193e-01
1.705936714096925696e+18 -2.782898471654648431e-01 1.547797772585540188e-01
1.705936714112564992e+18 -2.772697238548358367e-01 1.559559171643572217e-01
1.705936714129339904e+18 -2.771163850752503266e-01 1.567341416755052008e-01
1.705936714144180480e+18 -2.762789561956772721e-01 1.576128518853549265e-01
1.705936714160719104e+18 -2.754137566513073510e-01 1.585469728822325730e-01
1.705936714176508160e+18 -2.752696953337947505e-01 1.591264471844182904e-01
1.705936714192854784e+18 -2.746018034915916894e-01 1.599290880155955219e-01
1.705936714208473600e+18 -2.738691516485000088e-01 1.608840365039025666e-01
1.705936714225731584e+18 -2.739356326662761298e-01 1.614668616382972377e-01
1.705936714243286016e+18 -2.734959972957107244e-01 1.623207802512247333e-01
1.705936714261011456e+18 -2.730108416560176887e-01 1.633771798413070353e-01
1.705936714288640000e+18 -2.731298060688183149e-01 1.640914428744486009e-01
1.705936714304732928e+18 -2.724786307891099990e-01 1.650630341183523253e-01
1.705936714320522496e+18 -2.726165752921536622e-01 1.657062339689666097e-01
1.705936714336454912e+18 -2.724431041754927230e-01 1.664832160716347431e-01
1.705936714353051648e+18 -2.723728493025449615e-01 1.673491418301107370e-01
1.705936714368305408e+18 -2.727012833859335794e-01 1.678770627113380098e-01
1.705936714384760064e+18 -2.726864283809707912e-01 1.685298436256897625e-01
1.705936714400428544e+18 -2.727140141373009530e-01 1.692217960033763069e-01
1.705936714417032192e+18 -2.730580801776604227e-01 1.698023352825437093e-01
1.705936714432321792e+18 -2.731221321429936899e-01 1.707340821609005244e-01
1.705936714448668672e+18 -2.732398827873663283e-01 1.718319669149605544e-01
1.705936714464518144e+18 -2.735491007898788740e-01 1.727621308714039627e-01
1.705936714480614656e+18 -2.736914488434555870e-01 1.738164752531946022e-01
1.705936714497503744e+18 -2.740473051187339859e-01 1.749741009389066126e-01
1.705936714512719360e+18 -2.745677147622806458e-01 1.760596060491278481e-01
1.705936714530070528e+18 -2.749876144393247901e-01 1.773172640309914339e-01
1.705936714546095872e+18 -2.753370579667787643e-01 1.787997157643679003e-01
1.705936714560312832e+18 -2.757445689846934056e-01 1.801744049124728853e-01
1.705936714577572608e+18 -2.761833390895874207e-01 1.816875662230492405e-01
1.705936714594015744e+18 -2.765896860847718020e-01 1.832476468831793770e-01
1.705936714609692672e+18 -2.769486355184083703e-01 1.846744891654926723e-01
1.705936714624854528e+18 -2.772770515772575162e-01 1.863210210457352245e-01
1.705936714640777728e+18 -2.777747000147747780e-01 1.881324136204203246e-01
1.705936714657039104e+18 -2.783350180151127895e-01 1.897637554153139838e-01
1.705936714672821504e+18 -2.787880673723739933e-01 1.915308032381944359e-01
1.705936714688663808e+18 -2.792677723660574318e-01 1.933579782826443105e-01
1.705936714704579584e+18 -2.796819514425126219e-01 1.947956940889421229e-01
1.705936714720750592e+18 -2.800744516507671644e-01 1.963907802884446718e-01
1.705936714737822464e+18 -2.803861815627491372e-01 1.981844024066354293e-01
1.705936714752956416e+18 -2.807471205533753622e-01 1.994615010712847136e-01
1.705936714769971712e+18 -2.810690838372605915e-01 2.011318188040731036e-01
1.705936714784493312e+18 -2.813911864387677597e-01 2.028632514665765774e-01
1.705936714800665344e+18 -2.817285483521687062e-01 2.042459501738501382e-01
1.705936714817055232e+18 -2.819816173369384393e-01 2.060434312552745784e-01
1.705936714832921088e+18 -2.822844209185627617e-01 2.081804659404371260e-01
1.705936714848820224e+18 -2.824723991203637596e-01 2.100201670367552176e-01
1.705936714865349376e+18 -2.826939928998385421e-01 2.121443691373493257e-01
1.705936714880729856e+18 -2.828160461821414562e-01 2.146485635950381443e-01
1.705936714897817600e+18 -2.830262008061543710e-01 2.167976962072062919e-01
1.705936714915222528e+18 -2.832872742063184401e-01 2.193638786310342648e-01
1.705936714932579072e+18 -2.835810559835258982e-01 2.220306706089982818e-01
1.705936714946972672e+18 -2.838021253374328201e-01 2.241696390201228517e-01
1.705936714961431040e+18 -2.841532901561202307e-01 2.266626227026583562e-01
1.705936714977584896e+18 -2.844003525896290907e-01 2.292641326781119093e-01
1.705936714993200384e+18 -2.846136230725443417e-01 2.315269975295324023e-01
1.705936715010767872e+18 -2.847842990874656643e-01 2.335151426616858816e-01
1.705936715025136128e+18 -2.850253509337150049e-01 2.362945228954790033e-01
1.705936715041523712e+18 -2.852218177674021860e-01 2.379130991834200737e-01
1.705936715057382656e+18 -2.856394684730308442e-01 2.401181056423279114e-01
1.705936715074375680e+18 -2.859910675157311122e-01 2.424660059209528817e-01
1.705936715093987840e+18 -2.862579301656922870e-01 2.440709220930531720e-01
1.705936715122123008e+18 -2.864861627387890741e-01 2.459154359128498391e-01
1.705936715137058048e+18 -2.863926542882112014e-01 2.479640334775059241e-01
1.705936715153433600e+18 -2.863166457987034175e-01 2.497283962478699659e-01
1.705936715168978432e+18 -2.862766455268229704e-01 2.515071723853610774e-01
1.705936715185094912e+18 -2.861999147804816235e-01 2.528151732136069141e-01
1.705936715200801280e+18 -2.860642161503799130e-01 2.544920901799210267e-01
1.705936715217227776e+18 -2.858593841383608725e-01 2.563125763435376014e-01
1.705936715232862720e+18 -2.856783852016059888e-01 2.578158480070368297e-01
1.705936715248661504e+18 -2.853972677321700013e-01 2.594160779918410209e-01
1.705936715264841728e+18 -2.853214759710427373e-01 2.611221785934302875e-01
1.705936715281127168e+18 -2.851348563845073625e-01 2.627824000990172659e-01
1.705936715297081600e+18 -2.853271941765714859e-01 2.645692893785300259e-01
1.705936715313945856e+18 -2.854600040188490229e-01 2.662538224956200739e-01
1.705936715328742656e+18 -2.855741738844841948e-01 2.678374809635586939e-01
1.705936715345539584e+18 -2.854868315119503674e-01 2.697395062428232793e-01
1.705936715361242368e+18 -2.852938290753152528e-01 2.720772568594133078e-01
1.705936715377305600e+18 -2.849737582918979162e-01 2.746016992160436598e-01
1.705936715392322048e+18 -2.846131042962961044e-01 2.773144609697785201e-01
1.705936715409527040e+18 -2.840942762487528861e-01 2.802326994744180899e-01
1.705936715424669184e+18 -2.836213531697568402e-01 2.827624363778277194e-01
1.705936715441048320e+18 -2.830717090408012004e-01 2.854435545668804752e-01
1.705936715456785920e+18 -2.825907436822633900e-01 2.882577242714218779e-01
1.705936715473314560e+18 -2.820020222727335768e-01 2.910573754259605517e-01
1.705936715488688640e+18 -2.813976662082067204e-01 2.936782161389758228e-01
1.705936715504851712e+18 -2.808624162933651136e-01 2.963406173065397109e-01
1.705936715520591616e+18 -2.801264796700304038e-01 2.984271905311637885e-01
1.705936715540369920e+18 -2.793477918911842495e-01 3.001310309998229120e-01
1.705936715554322688e+18 -2.785327314351869199e-01 3.017272428568336662e-01
1.705936715571037952e+18 -2.780356189626316810e-01 3.033737809481066861e-01
1.705936715589807616e+18 -2.776698533126311652e-01 3.055812550793321480e-01
1.705936715613411840e+18 -2.774520250831135626e-01 3.075014757655705755e-01
1.705936715633356288e+18 -2.772599337380481921e-01 3.089313453972595269e-01
1.705936715648500736e+18 -2.774370869544122153e-01 3.104905705555771611e-01
1.705936715664591360e+18 -2.776877879127980231e-01 3.115007754601240575e-01
1.705936715680346880e+18 -2.786161418049464267e-01 3.131989115235148669e-01
1.705936715697273344e+18 -2.797969645241137338e-01 3.153514301738320480e-01
1.705936715712549632e+18 -2.807635239129696592e-01 3.178830291546971831e-01
1.705936715729174016e+18 -2.817303575358092727e-01 3.204037145608570336e-01
1.705936715744990464e+18 -2.823322061970262586e-01 3.226117331075742944e-01
1.705936715761012992e+18 -2.831766662934095957e-01 3.254767881198787904e-01
1.705936715777067520e+18 -2.842952217985889041e-01 3.285057331822470728e-01
1.705936715792907776e+18 -2.853448529897802954e-01 3.321837658904305268e-01
1.705936715810806016e+18 -2.864777611821068826e-01 3.357337051489898694e-01
1.705936715827214080e+18 -2.880857421328884560e-01 3.404956770542049149e-01
1.705936715843099136e+18 -2.892370994734986822e-01 3.446025392221865880e-01
1.705936715860567296e+18 -2.901094528441331422e-01 3.471774639993367995e-01
1.705936715872728832e+18 -2.921067762047690475e-01 3.514492847742972659e-01
1.705936715888765184e+18 -2.930784381326548282e-01 3.540971316435422844e-01
1.705936715904605952e+18 -2.944600551778283615e-01 3.575363452348965798e-01
1.705936715921000960e+18 -2.956801181630598907e-01 3.612768803420484676e-01
1.705936715937081856e+18 -2.962597979876417376e-01 3.643597216881641065e-01
1.705936715953393664e+18 -2.961885956610005866e-01 3.668914365601723682e-01
1.705936715968853760e+18 -2.962176799200242905e-01 3.697854270809385335e-01
1.705936715984982272e+18 -2.967622035930246316e-01 3.732630197383551840e-01
1.705936716000561920e+18 -2.975057815069542255e-01 3.773873027297884875e-01
1.705936716017238016e+18 -2.982901335235808582e-01 3.814718343209684281e-01
1.705936716034228992e+18 -2.988539963633293217e-01 3.849946163930404452e-01
1.705936716049250816e+18 -2.991995494165062275e-01 3.888335779588669161e-01
1.705936716064626688e+18 -2.991331824302921882e-01 3.916827365906802028e-01
1.705936716080763648e+18 -2.989634925331421389e-01 3.937460562365993066e-01
1.705936716096525824e+18 -2.989170907444087533e-01 3.955408068466986227e-01
1.705936716112916224e+18 -2.989065421768402064e-01 3.967401281181029415e-01
1.705936716128338944e+18 -2.982017655206462559e-01 3.970313497088659438e-01
1.705936716144991232e+18 -2.973456108455307390e-01 3.971468716842521118e-01
1.705936716160747776e+18 -2.963057546804055420e-01 3.970695607952309802e-01
1.705936716177316352e+18 -2.952197462606637179e-01 3.966997275625747110e-01
1.705936716192463104e+18 -2.939761824907443644e-01 3.959481425502695551e-01
1.705936716208786176e+18 -2.925209474788313391e-01 3.953966870039961612e-01
1.705936716224371200e+18 -2.908169534500647524e-01 3.946910432043357897e-01
1.705936716240592896e+18 -2.887467816073314153e-01 3.934772761426327259e-01
1.705936716261410560e+18 -2.870816187819188459e-01 3.917358344692640215e-01
1.705936716280387072e+18 -2.855992009550966659e-01 3.894617314851431256e-01
1.705936716304559872e+18 -2.833343436727997489e-01 3.863939479856052794e-01
1.705936716320835840e+18 -2.812245335345877062e-01 3.830578485844374215e-01
1.705936716337792000e+18 -2.799138265619700583e-01 3.802510318449152105e-01
1.705936716352423168e+18 -2.789234960564680454e-01 3.776806960592084539e-01
1.705936716369209088e+18 -2.782761638156629469e-01 3.761575468380575216e-01
1.705936716384903424e+18 -2.772223811617611222e-01 3.742651871149583753e-01
1.705936716400960256e+18 -2.765318603503905126e-01 3.735519096949095896e-01
1.705936716417087488e+18 -2.750199482664015815e-01 3.726990816790076155e-01
1.705936716432779776e+18 -2.734464311529667402e-01 3.722553149153508545e-01
1.705936716448459264e+18 -2.720256142890922213e-01 3.723992095022912174e-01
1.705936716464645632e+18 -2.708791245395913982e-01 3.728485037105669364e-01
1.705936716480484096e+18 -2.701011066498798519e-01 3.728127248561501905e-01
1.705936716498035712e+18 -2.690536523974382810e-01 3.731935573223387759e-01
1.705936716512516352e+18 -2.681587473342578742e-01 3.732937342162192529e-01
1.705936716529307904e+18 -2.668174439631657568e-01 3.730221426704899979e-01
1.705936716544374784e+18 -2.658258941876365800e-01 3.724921253614480454e-01
1.705936716561547264e+18 -2.651515608152549275e-01 3.718764569547489685e-01
1.705936716579653376e+18 -2.646023544021625096e-01 3.717358051095581706e-01
1.705936716595614208e+18 -2.642578064186649200e-01 3.714912999628670054e-01
1.705936716608772352e+18 -2.637932427540661817e-01 3.712878038155744131e-01
1.705936716625047552e+18 -2.636112066344223903e-01 3.710181713677822568e-01
1.705936716640984320e+18 -2.635251143197086532e-01 3.706797793313317269e-01
1.705936716657322752e+18 -2.633163395209415780e-01 3.702891049392631473e-01
1.705936716672389120e+18 -2.630687773911981053e-01 3.698005269712547061e-01
1.705936716688653056e+18 -2.627748763109212793e-01 3.692275514126804326e-01
1.705936716704370432e+18 -2.627685596076911323e-01 3.678224417671989710e-01
1.705936716721342976e+18 -2.627109684642615073e-01 3.661024720333879157e-01
1.705936716737253120e+18 -2.629753111328544946e-01 3.642441936406077829e-01
1.705936716753099776e+18 -2.636715765624805252e-01 3.624079909155839552e-01
1.705936716768617472e+18 -2.642049958906505513e-01 3.603045367401356280e-01
1.705936716784800512e+18 -2.649559651862007925e-01 3.588253272379613446e-01
1.705936716800597504e+18 -2.651264929045272778e-01 3.578818544650903544e-01
1.705936716817572608e+18 -2.653219520656264763e-01 3.573970478753206725e-01
1.705936716835182336e+18 -2.657089368991294998e-01 3.575712896984403755e-01
1.705936716851286528e+18 -2.663620899339635972e-01 3.583501399835473111e-01
1.705936716864262144e+18 -2.667164886404491675e-01 3.579949347345721122e-01
1.705936716880859392e+18 -2.673417228900933917e-01 3.573463195071876486e-01
1.705936716896979456e+18 -2.685003199659383721e-01 3.572417754632848941e-01
1.705936716912820224e+18 -2.698830613188338279e-01 3.571301694680854566e-01
1.705936716928413440e+18 -2.713104499215928112e-01 3.572911300058560502e-01
1.705936716944964096e+18 -2.725077024967344497e-01 3.572977103679610966e-01
1.705936716960524800e+18 -2.737313462742163583e-01 3.562752443239321498e-01
1.705936716977384704e+18 -2.751867832584629081e-01 3.554834453964751395e-01
1.705936716994762752e+18 -2.769940884027677352e-01 3.545072216274475774e-01
1.705936717012840448e+18 -2.779964432549304476e-01 3.538467671647793633e-01
1.705936717040948480e+18 -2.789479543715586707e-01 3.525883438038651674e-01
1.705936717057305856e+18 -2.811398576209212519e-01 3.501548275517360476e-01
1.705936717072976128e+18 -2.830103718892870712e-01 3.479563667899390200e-01
1.705936717090108928e+18 -2.842307654818397311e-01 3.460766983139301201e-01
1.705936717104959744e+18 -2.855346567788215051e-01 3.446050169126705365e-01
1.705936717120880640e+18 -2.870485745407501676e-01 3.420893715708528404e-01
1.705936717139928064e+18 -2.882533388504015526e-01 3.400700724035813916e-01
1.705936717154284800e+18 -2.907605067356853201e-01 3.353354939304139526e-01
1.705936717171190016e+18 -2.916258131264078957e-01 3.297714574419603473e-01
1.705936717185422080e+18 -2.924733957371832282e-01 3.224653263692315308e-01
1.705936717203098880e+18 -2.929415796232529567e-01 3.193772811395556022e-01
1.705936717217551872e+18 -2.958510954619528732e-01 3.136555002895501931e-01
1.705936717232631808e+18 -2.973370649179499225e-01 3.102342609366386394e-01
1.705936717248673024e+18 -2.988163687609879382e-01 3.065940464996035342e-01
1.705936717264687616e+18 -3.006508410897937855e-01 3.027586942789677327e-01
1.705936717280373760e+18 -3.024435665656816097e-01 2.990323731510226568e-01
1.705936717297249536e+18 -3.043175810023306949e-01 2.950663694855713004e-01
1.705936717312725504e+18 -3.062805925418673469e-01 2.910461934557561636e-01
1.705936717328898560e+18 -3.083513551947076325e-01 2.870518392766270299e-01
1.705936717344579072e+18 -3.101552971294965211e-01 2.829724416466736225e-01
1.705936717361616640e+18 -3.120535620672835186e-01 2.789477200487057162e-01
1.705936717377229312e+18 -3.136809455577092565e-01 2.751671299506582291e-01
1.705936717393119232e+18 -3.153791225272413179e-01 2.714416221738685797e-01
1.705936717408845568e+18 -3.169021718358921436e-01 2.679100377702912095e-01
1.705936717425395456e+18 -3.182430933408799123e-01 2.639499549606789119e-01
1.705936717440389376e+18 -3.194363775546135709e-01 2.600237347697662016e-01
1.705936717457638912e+18 -3.207279626344494705e-01 2.562568079199898929e-01
1.705936717472829440e+18 -3.219134768217335463e-01 2.525207102830261396e-01
1.705936717489132032e+18 -3.230383203736953979e-01 2.489645633903877775e-01
1.705936717505229568e+18 -3.242016710820430081e-01 2.449689339741369931e-01
1.705936717522771456e+18 -3.248433344385814880e-01 2.411139396815481784e-01
1.705936717538423808e+18 -3.254151138445347535e-01 2.378063048701776760e-01
1.705936717553429248e+18 -3.260667124915750947e-01 2.347949808680762085e-01
1.705936717568281600e+18 -3.269201183241298714e-01 2.320021787793672963e-01
1.705936717584946944e+18 -3.276590262801506448e-01 2.291256232915078184e-01
1.705936717600479744e+18 -3.283895385530979372e-01 2.260442661391792174e-01
1.705936717617418496e+18 -3.287935996297486341e-01 2.230853746856485409e-01
1.705936717632478976e+18 -3.290445801494946143e-01 2.204456661556669916e-01
1.705936717649694720e+18 -3.293206488640263441e-01 2.180194155145587231e-01
1.705936717664532224e+18 -3.295041717575870610e-01 2.158509891955984750e-01
1.705936717680755968e+18 -3.294250656228185359e-01 2.138136704880681527e-01
1.705936717697893376e+18 -3.292672180234367807e-01 2.121336188719280536e-01
1.705936717713074688e+18 -3.292474810859510326e-01 2.108775544564220894e-01
1.705936717728589312e+18 -3.290205971720013278e-01 2.095928284268432917e-01
1.705936717744707840e+18 -3.289329977460823673e-01 2.082832582614278782e-01
1.705936717760324352e+18 -3.288360361566504131e-01 2.070662559330598285e-01
1.705936717777961984e+18 -3.287276633345422860e-01 2.058265814207710653e-01
1.705936717792339456e+18 -3.283892820758055886e-01 2.045982158036001308e-01
1.705936717809086464e+18 -3.282505961589606835e-01 2.038903873772350828e-01
1.705936717824647936e+18 -3.280345364165955235e-01 2.026073006122371400e-01
1.705936717840944896e+18 -3.278305238449549797e-01 2.017231780284204634e-01
1.705936717857389568e+18 -3.272977615277615215e-01 2.003396365489427677e-01
1.705936717872719872e+18 -3.268718314148526538e-01 1.987056018128287860e-01
1.705936717888370688e+18 -3.265698711071289839e-01 1.972028447101778770e-01
1.705936717906080000e+18 -3.264558473274440376e-01 1.960157168977852415e-01
1.705936717920512256e+18 -3.259103722512342038e-01 1.943299575317705696e-01
1.705936717937431040e+18 -3.251184242619086229e-01 1.925169874493868338e-01
1.705936717952772608e+18 -3.245564673059777583e-01 1.906453891770519549e-01
1.705936717969049088e+18 -3.240245378496274253e-01 1.888277719915746056e-01
1.705936717984344320e+18 -3.233856174157965779e-01 1.866830287872850158e-01
1.705936718001408768e+18 -3.227751778833571894e-01 1.843871876339119864e-01
1.705936718017111808e+18 -3.223182318683346370e-01 1.818999918774516222e-01
1.705936718032946688e+18 -3.220021894010355878e-01 1.794562621924428170e-01
1.705936718048503552e+18 -3.216868523827735027e-01 1.772329916210977907e-01
1.705936718066032640e+18 -3.211308144111678642e-01 1.750647351793354345e-01
1.705936718080925184e+18 -3.206304232061918946e-01 1.730245800589413074e-01
1.705936718101135104e+18 -3.204843134935946858e-01 1.713708505084646783e-01
1.705936718128755456e+18 -3.202693916731065849e-01 1.693481324320165737e-01
1.705936718144385024e+18 -3.198733934809581125e-01 1.674326296026940331e-01
1.705936718163286528e+18 -3.196855627656606802e-01 1.662254691160750808e-01
1.705936718180648192e+18 -3.193257995994288612e-01 1.651423700027817298e-01
1.705936718200788992e+18 -3.194179726099735106e-01 1.644831901506352556e-01
1.705936718208708864e+18 -3.196253633612495815e-01 1.639793307825403723e-01
1.705936718224594176e+18 -3.196557133292462494e-01 1.635879366760725206e-01
1.705936718240394496e+18 -3.202036008271963996e-01 1.631753489905106436e-01
1.705936718257282048e+18 -3.205863733272317773e-01 1.624885834141178709e-01
1.705936718272654848e+18 -3.211946978633876681e-01 1.616150398837429003e-01
1.705936718289117952e+18 -3.216931705514792794e-01 1.605930054120063843e-01
1.705936718304672512e+18 -3.222320632352451142e-01 1.594804633715263265e-01
1.705936718323281664e+18 -3.230543821229988621e-01 1.581036600192919084e-01
1.705936718337091584e+18 -3.237564777880230782e-01 1.569833743670473458e-01
1.705936718352783872e+18 -3.244223461152549448e-01 1.557468808082506373e-01
1.705936718368300288e+18 -3.250113901561443863e-01 1.547267536332369853e-01
1.705936718385442048e+18 -3.253388228770416890e-01 1.538217437782718744e-01
1.705936718400330240e+18 -3.255632498654526530e-01 1.529865996558339991e-01
1.705936718417480192e+18 -3.258004384979930057e-01 1.520814422983400027e-01
1.705936718432971776e+18 -3.260085176480999603e-01 1.508802986951468528e-01
1.705936718448800000e+18 -3.261676266477506192e-01 1.500653749325053798e-01
1.705936718464583168e+18 -3.261669970111687467e-01 1.494896273559128963e-01
1.705936718480819200e+18 -3.261230301525605557e-01 1.491917880423815623e-01
1.705936718497012736e+18 -3.260775082567883842e-01 1.485842540827412295e-01
1.705936718512879616e+18 -3.262637476079576770e-01 1.479537026503857655e-01
1.705936718528541184e+18 -3.264176244612541633e-01 1.471044431101490024e-01
1.705936718545218816e+18 -3.266765403768114306e-01 1.463817781552081976e-01
1.705936718561210112e+18 -3.270152806278624480e-01 1.458218236836514858e-01
1.705936718580044800e+18 -3.274777318256138492e-01 1.450230945527475335e-01
1.705936718594001920e+18 -3.281808238558387436e-01 1.439032326931143635e-01
1.705936718609608960e+18 -3.288305498777444047e-01 1.430296704021054577e-01
1.705936718626930432e+18 -3.292627971093003425e-01 1.423343020103504664e-01
1.705936718645174528e+18 -3.297619623367621933e-01 1.415563275293942325e-01
1.705936718675630080e+18 -3.300554800546806611e-01 1.408871998658939306e-01
1.705936718692030976e+18 -3.310411164696560604e-01 1.397730244977412606e-01
1.705936718707089152e+18 -3.317378705503597480e-01 1.391119551873998272e-01
1.705936718724033024e+18 -3.321445166260063586e-01 1.384258616029582778e-01
1.705936718738676480e+18 -3.324204746361958951e-01 1.380363018447360035e-01
1.705936718752824576e+18 -3.328364529526393056e-01 1.377850973602083584e-01
1.705936718769187072e+18 -3.331577500754546173e-01 1.376563594729363904e-01
1.705936718784787712e+18 -3.333742678175618535e-01 1.378624880774674544e-01
1.705936718801469952e+18 -3.336963523265171760e-01 1.381617339199626149e-01
1.705936718816896768e+18 -3.339017640955118105e-01 1.386656373023774369e-01
1.705936718832873216e+18 -3.343742260667139088e-01 1.394378601934286310e-01
1.705936718848552448e+18 -3.348464141530119731e-01 1.403535113624193031e-01
1.705936718864899584e+18 -3.352593484709048832e-01 1.410766549130782754e-01
1.705936718880560896e+18 -3.355810638801710044e-01 1.415823610592701620e-01
1.705936718897340672e+18 -3.358868206260260392e-01 1.420311593683818430e-01
1.705936718912620032e+18 -3.363489571492047636e-01 1.423475949530161877e-01
1.705936718928941824e+18 -3.369295338069741019e-01 1.424353400114577173e-01
1.705936718944866816e+18 -3.373736866378328481e-01 1.424139853695881031e-01
1.705936718961361152e+18 -3.376093126458991067e-01 1.423545714912834159e-01
1.705936718968800000e+18 -3.380521382619764981e-01 1.424225766553554595e-01
1.705936718977508352e+18 -3.382064472316219650e-01 1.423886418254993458e-01
1.705936718992954880e+18 -3.383563581514514862e-01 1.423296655705716951e-01
1.705936719010797568e+18 -3.385602708589990906e-01 1.421923869336541024e-01
1.705936719027480064e+18 -3.385830799681968095e-01 1.422568072990039734e-01
1.705936719044828160e+18 -3.382745165968950030e-01 1.426047759707685936e-01
1.705936719067297536e+18 -3.378724899308316321e-01 1.430918546276896686e-01
1.705936719088904704e+18 -3.374861230975632620e-01 1.436354921962163245e-01
1.705936719104870912e+18 -3.371366472029447836e-01 1.443876340904728661e-01
1.705936719120917760e+18 -3.367809550867671420e-01 1.450758226701853171e-01
1.705936719137535488e+18 -3.364060216524284996e-01 1.455979601850276028e-01
1.705936719153401088e+18 -3.360009181727355854e-01 1.462803843062761289e-01
1.705936719168652544e+18 -3.356445079340992232e-01 1.469194191248832937e-01
1.705936719185052416e+18 -3.354292801052181083e-01 1.476490471683179206e-01
1.705936719200992512e+18 -3.354224937202244794e-01 1.485180694642858623e-01
1.705936719219448320e+18 -3.355309648766258701e-01 1.494892191646947088e-01
1.705936719234822400e+18 -3.356838383079097099e-01 1.502762305654863073e-01
1.705936719252156416e+18 -3.358426472650141714e-01 1.510729829643268907e-01
1.705936719265069824e+18 -3.359899329468338247e-01 1.515087652364872361e-01
1.705936719281242112e+18 -3.364276377891473602e-01 1.518570543987286525e-01
1.705936719298031360e+18 -3.370626767212773212e-01 1.523473817003186404e-01
1.705936719313416192e+18 -3.376181634382211527e-01 1.527953647861434727e-01
1.705936719328993536e+18 -3.380843561176302137e-01 1.534929947726242083e-01
1.705936719344856576e+18 -3.386586367704625955e-01 1.545468371680002728e-01
1.705936719360378624e+18 -3.393009752053427475e-01 1.559704134095146189e-01
1.705936719378332416e+18 -3.396637943268473459e-01 1.569212969513988643e-01
1.705936719392446464e+18 -3.403944093765523538e-01 1.583820532894167910e-01
1.705936719408740608e+18 -3.409086233131940480e-01 1.593034181540981253e-01
1.705936719424859648e+18 -3.415932931976493059e-01 1.603446829514110217e-01
1.705936719441202944e+18 -3.422622636501109206e-01 1.614645970797813079e-01
1.705936719457081600e+18 -3.429726348368128952e-01 1.627103042831328228e-01
1.705936719473043200e+18 -3.437446571173266574e-01 1.640917435668059476e-01
1.705936719488932608e+18 -3.444821303936644874e-01 1.655921624718055263e-01
1.705936719504843008e+18 -3.451430696945879673e-01 1.670913797433531689e-01
1.705936719520650240e+18 -3.456374225231782504e-01 1.683597177217661112e-01
1.705936719537650688e+18 -3.466657418158781145e-01 1.693240149562113828e-01
1.705936719552626176e+18 -3.479951972836095031e-01 1.699610437103753202e-01
1.705936719569462016e+18 -3.494190247000983907e-01 1.704090404899841760e-01
1.705936719584688896e+18 -3.509125553549208854e-01 1.708808845989299441e-01
1.705936719601080320e+18 -3.522708174522456992e-01 1.711937933518855037e-01
1.705936719617077504e+18 -3.536662391467153554e-01 1.708454188179317212e-01
1.705936719633255424e+18 -3.554294473446528713e-01 1.699015060015162393e-01
1.705936719648733952e+18 -3.570484035413016843e-01 1.682817493160286004e-01
1.705936719665072896e+18 -3.581769392015316522e-01 1.669452268291757024e-01
1.705936719682353920e+18 -3.593373356384917949e-01 1.659863376186613837e-01
1.705936719700234752e+18 -3.605489141308877987e-01 1.654032577165340245e-01
1.705936719714207744e+18 -3.616989077891725746e-01 1.648028110737843610e-01
1.705936719732919296e+18 -3.630906379062762146e-01 1.644828216317357483e-01
1.705936719763019776e+18 -3.642651736525653328e-01 1.644784076113291749e-01
1.705936719778414336e+18 -3.658425279213591286e-01 1.649029046731785575e-01
1.705936719794795520e+18 -3.670733943281012102e-01 1.657180573317793004e-01
1.705936719811481344e+18 -3.682492395219703618e-01 1.670220976217863529e-01
1.705936719828424960e+18 -3.693611733622376159e-01 1.685230530026714801e-01
1.705936719843305984e+18 -3.701331030741758510e-01 1.698309414974117082e-01
1.705936719858689792e+18 -3.709619603195263293e-01 1.710802706479546131e-01
1.705936719875176448e+18 -3.718196817588881320e-01 1.722225554210714826e-01
1.705936719889907456e+18 -3.729411761647549728e-01 1.734387389868306539e-01
1.705936719904527872e+18 -3.744763821558596550e-01 1.746645453695342132e-01
1.705936719921282048e+18 -3.756901192516420851e-01 1.757965876314582232e-01
1.705936719940147712e+18 -3.768232625482452192e-01 1.770910901090209100e-01
1.705936719953030400e+18 -3.778709588354621784e-01 1.784239145056418507e-01
1.705936719969002240e+18 -3.786227812300120843e-01 1.795140198984024327e-01
1.705936719984751360e+18 -3.795422338975534826e-01 1.803370525849087302e-01
1.705936720000368384e+18 -3.803241338749099865e-01 1.811989590439125886e-01
1.705936720017605632e+18 -3.807778970123917306e-01 1.820603239734144563e-01
1.705936720032551424e+18 -3.816448625760616165e-01 1.836997544829725992e-01
1.705936720049003264e+18 -3.821807765079895947e-01 1.848432228189624826e-01
1.705936720064873728e+18 -3.833322448500566249e-01 1.866259351839825442e-01
1.705936720081194752e+18 -3.839051226080710810e-01 1.876766288271047856e-01
1.705936720097204992e+18 -3.852113471310176784e-01 1.891830872099738714e-01
1.705936720113549312e+18 -3.858505587314504104e-01 1.900313132510466074e-01
1.705936720131073024e+18 -3.866659641380318924e-01 1.907487759250460491e-01
1.705936720146806272e+18 -3.878587896328720142e-01 1.913197112786814424e-01
1.705936720163520512e+18 -3.891005025497515368e-01 1.918002427579853786e-01
1.705936720181320704e+18 -3.901251005704313157e-01 1.919694767393228807e-01
1.705936720208507904e+18 -3.909299374106129932e-01 1.918734571951868362e-01
1.705936720225098752e+18 -3.919526436002178094e-01 1.920298887007975686e-01
1.705936720243524096e+18 -3.925196654068785485e-01 1.924868733486187478e-01
1.705936720258504960e+18 -3.931835649737983607e-01 1.931411844815572876e-01
1.705936720272948224e+18 -3.933917046311538601e-01 1.938083191641142011e-01
1.705936720288749824e+18 -3.935791618941191228e-01 1.948100080252826993e-01
1.705936720305370368e+18 -3.937253687577647598e-01 1.956874539139920877e-01
1.705936720320417536e+18 -3.938675287384595936e-01 1.970466906495480786e-01
1.705936720337600000e+18 -3.940436460743132474e-01 1.984816987925953347e-01
1.705936720352719360e+18 -3.940985926410475737e-01 2.001869127393289816e-01
1.705936720369240320e+18 -3.944955006772061235e-01 2.024964908699926069e-01
1.705936720384731648e+18 -3.947856987180247135e-01 2.057807589360307332e-01
1.705936720401170176e+18 -3.953082180144116275e-01 2.101480971355471350e-01
1.705936720418240512e+18 -3.967201674579809434e-01 2.145454706806707301e-01
1.705936720433023488e+18 -3.983594308671834505e-01 2.189493418305360761e-01
1.705936720448517888e+18 -4.002369855273335553e-01 2.234542257405184029e-01
1.705936720465232384e+18 -4.016160349287500320e-01 2.263120074785175684e-01
1.705936720482837248e+18 -4.023571287547966224e-01 2.289311295022708193e-01
1.705936720501803008e+18 -4.032023689469811378e-01 2.310893954059482780e-01
1.705936720532467200e+18 -4.037319464614622100e-01 2.333952614492705580e-01
1.705936720564442624e+18 -4.043969254099496480e-01 2.368000977403141305e-01
1.705936720578278912e+18 -4.049428866085029166e-01 2.400388843288116802e-01
1.705936720593261056e+18 -4.053192505083497710e-01 2.423757797147860216e-01
1.705936720608765696e+18 -4.060139245107510231e-01 2.443189752677993598e-01
1.705936720624785920e+18 -4.064789995674982781e-01 2.464258502970225750e-01
1.705936720641267968e+18 -4.068793263069835353e-01 2.486547435980396847e-01
1.705936720658185472e+18 -4.072786086519392112e-01 2.508250970592207918e-01
1.705936720672730368e+18 -4.076771851748470232e-01 2.530478986381759499e-01
1.705936720692237568e+18 -4.080488562004155884e-01 2.553540313156591468e-01
1.705936720708385024e+18 -4.083079699708852539e-01 2.572848448870043714e-01
1.705936720726869248e+18 -4.083018865630834715e-01 2.592256456671988007e-01
1.705936720752587264e+18 -4.079563826221817568e-01 2.614836889731897984e-01
1.705936720768919808e+18 -4.082293556432760595e-01 2.652685586801654116e-01
1.705936720786484736e+18 -4.087408863192809605e-01 2.690800486585926410e-01
1.705936720803431936e+18 -4.099186686093610477e-01 2.741851060741979929e-01
1.705936720817531392e+18 -4.112798112213375545e-01 2.787591637325964045e-01
1.705936720832387584e+18 -4.122094448862965721e-01 2.816858428910488654e-01
1.705936720849143552e+18 -4.127693740200194528e-01 2.857460140156245498e-01
1.705936720864660480e+18 -4.133493143104782774e-01 2.901785334541550632e-01
1.705936720885765376e+18 -4.136113777247965584e-01 2.950050371087544199e-01
1.705936720914927616e+18 -4.139096607120771321e-01 3.016993812244487261e-01
1.705936720928868864e+18 -4.130235145224878113e-01 3.098616218202294714e-01
1.705936720944903168e+18 -4.126638833615451363e-01 3.135790896510532444e-01
1.705936720960545536e+18 -4.122144964956416802e-01 3.171618111822355757e-01
1.705936720977419776e+18 -4.118951200763113496e-01 3.205356140120663166e-01
1.705936720992589056e+18 -4.116210929419920062e-01 3.233899370840303544e-01
1.705936721008888320e+18 -4.111064461931612235e-01 3.258482014778162905e-01
1.705936721024936448e+18 -4.105061547026258029e-01 3.280988935555514963e-01
1.705936721040931840e+18 -4.097389121513153598e-01 3.299152472157307336e-01
1.705936721058822400e+18 -4.092222840322821131e-01 3.312961081153962817e-01
1.705936721072803584e+18 -4.088629345138490301e-01 3.323006047482401915e-01
1.705936721088711936e+18 -4.087659442020317169e-01 3.330580534141638904e-01
1.705936721105048064e+18 -4.088490796732636712e-01 3.339517659112957726e-01
1.705936721122612992e+18 -4.092831820614462601e-01 3.363477796020701294e-01
1.705936721138265600e+18 -4.100765023149488542e-01 3.392260444604016101e-01
1.705936721152235520e+18 -4.109990775778419869e-01 3.418362793914385134e-01
1.705936721169072896e+18 -4.116668634606681088e-01 3.435312460814989866e-01
1.705936721184783104e+18 -4.114800336344787146e-01 3.439004753237382972e-01
1.705936721204194304e+18 -4.106556066226971224e-01 3.432887113072887186e-01
1.705936721222900736e+18 -4.094459780210138455e-01 3.413063127297693566e-01
1.705936721243607296e+18 -4.075828013064108912e-01 3.369460509781770918e-01
1.705936721266293760e+18 -4.059654847001421540e-01 3.327912476733194125e-01
1.705936721282453504e+18 -4.041394545777120539e-01 3.265362661596913352e-01
1.705936721301822208e+18 -4.025642584913352029e-01 3.206178857800429105e-01
1.705936721331664384e+18 -4.011144093112856135e-01 3.145164158787218112e-01
1.705936721344577280e+18 -3.982736024728402158e-01 3.041211671015049967e-01
1.705936721360832512e+18 -3.963689624830887825e-01 2.966525638541494536e-01
1.705936721377421056e+18 -3.947815515506543638e-01 2.902268249270404388e-01
1.705936721393095168e+18 -3.934766386157104723e-01 2.841265245723466615e-01
1.705936721408550656e+18 -3.922883734311441994e-01 2.782062510669178756e-01
1.705936721424990464e+18 -3.907193521902838640e-01 2.723053589741894487e-01
1.705936721440746496e+18 -3.895064152812919844e-01 2.664941120821548437e-01
1.705936721457365760e+18 -3.887628404856480202e-01 2.626119540479822656e-01
1.705936721472968704e+18 -3.875722393885371875e-01 2.556527566572921462e-01
1.705936721488606720e+18 -3.869960792728215360e-01 2.506805281276842656e-01
1.705936721504175872e+18 -3.863702048134091682e-01 2.452765274392459949e-01
1.705936721520925696e+18 -3.855682925313260734e-01 2.395796311834665626e-01
1.705936721537487104e+18 -3.840664691054232471e-01 2.335489131646353578e-01
1.705936721553205760e+18 -3.824321630733607535e-01 2.271754518213134066e-01
1.705936721570658048e+18 -3.804025916643110072e-01 2.207839908044900434e-01
1.705936721584823040e+18 -3.780501003444760033e-01 2.130690285734961886e-01
1.705936721600533504e+18 -3.764953186037398036e-01 2.084454419847517059e-01
1.705936721618966784e+18 -3.749783627275266595e-01 2.033200375251119074e-01
1.705936721632599040e+18 -3.720771534216730791e-01 1.963289262117214606e-01
1.705936721648935680e+18 -3.704423924148904090e-01 1.923456427253194267e-01
1.705936721664508160e+18 -3.683786817024105043e-01 1.875634835436515435e-01
1.705936721680622592e+18 -3.662818904249527940e-01 1.826337252016835278e-01
1.705936721697030400e+18 -3.641593903249545905e-01 1.778675376509185890e-01
1.705936721713157632e+18 -3.620710469631870376e-01 1.729204351830032071e-01
1.705936721728993024e+18 -3.603391884094195863e-01 1.675595644749083846e-01
1.705936721745171968e+18 -3.587910074728075105e-01 1.614877638046597341e-01
1.705936721764061952e+18 -3.567508440550883342e-01 1.550557532890598222e-01
1.705936721777713152e+18 -3.539917543127344968e-01 1.485839072237687131e-01
1.705936721792608256e+18 -3.510850141763099397e-01 1.423424026775218787e-01
1.705936721813150976e+18 -3.479343345751862993e-01 1.356095020863572198e-01
1.705936721841027328e+18 -3.429880051678554365e-01 1.263512002870721407e-01
1.705936721857719040e+18 -3.367495297017529809e-01 1.174659846703229177e-01
1.705936721872924928e+18 -3.320990239849093140e-01 1.117620231032803585e-01
1.705936721888939008e+18 -3.281248430887016565e-01 1.076431985761711341e-01
1.705936721905371904e+18 -3.247048411535811141e-01 1.042474445139913303e-01
1.705936721920665344e+18 -3.212136970472192488e-01 1.021379299634581073e-01
1.705936721937802496e+18 -3.179310169693207455e-01 1.007443590882088486e-01
1.705936721952972800e+18 -3.146409385324437924e-01 9.976157403630848963e-02
1.705936721969325312e+18 -3.118116949109007163e-01 9.912010067123992740e-02
1.705936721984834816e+18 -3.091463173884291815e-01 9.952226039878099562e-02
1.705936722001077504e+18 -3.067931675768110766e-01 1.001210192080731476e-01
1.705936722019544576e+18 -3.048058512833801692e-01 1.008171708292021351e-01
1.705936722032969728e+18 -3.029982186740631245e-01 1.016374062693251590e-01
1.705936722048459520e+18 -3.012845812173620130e-01 1.024024572967355967e-01
1.705936722064758016e+18 -2.994829312662970477e-01 1.032895254483050251e-01
1.705936722080792576e+18 -2.976626931685138477e-01 1.038193198086529434e-01
1.705936722098103808e+18 -2.961363660885681370e-01 1.043117336236407122e-01
1.705936722112705536e+18 -2.948880184842541108e-01 1.047039129859548834e-01
1.705936722132399616e+18 -2.938933231200344109e-01 1.050113668371004949e-01
1.705936722144723712e+18 -2.930570159267431585e-01 1.056407177861827529e-01
1.705936722160993280e+18 -2.924763117022676773e-01 1.065784046079533559e-01
1.705936722177352960e+18 -2.922100499708799037e-01 1.077299883306411521e-01
1.705936722193076736e+18 -2.921184330499889126e-01 1.088758137076750593e-01
1.705936722208486144e+18 -2.921537845950393786e-01 1.094311685578218535e-01
1.705936722224967936e+18 -2.922040321836533727e-01 1.103247670494606342e-01
1.705936722240510208e+18 -2.925833467420829725e-01 1.108914847791648839e-01
1.705936722257334528e+18 -2.929304975511342057e-01 1.111951416290187927e-01
1.705936722275779072e+18 -2.931868882361663431e-01 1.117656513380399785e-01
1.705936722293019648e+18 -2.935951972734892057e-01 1.124822097446923491e-01
1.705936722322669824e+18 -2.938995829785860936e-01 1.130902935983533059e-01
1.705936722338486016e+18 -2.945149623395976191e-01 1.141984558869007793e-01
1.705936722352791040e+18 -2.948666456349182119e-01 1.147399004491732877e-01
1.705936722368702208e+18 -2.953956042264699877e-01 1.153687372571367692e-01
1.705936722384982272e+18 -2.961245589106406562e-01 1.161267944822952508e-01
1.705936722400649984e+18 -2.967703771631338694e-01 1.170630271006640327e-01
1.705936722418228736e+18 -2.973124186558013249e-01 1.178642680980997171e-01
1.705936722432282368e+18 -2.978908594234316864e-01 1.188038908089568829e-01
1.705936722449152256e+18 -2.985025195019468391e-01 1.196042802883300893e-01
1.705936722464888832e+18 -2.989990843651126884e-01 1.203009053017525670e-01
1.705936722481011200e+18 -2.995906660331978943e-01 1.205241831314809026e-01
1.705936722497613824e+18 -2.999552560704243365e-01 1.204608690563268997e-01
1.705936722514671104e+18 -3.003695899236323852e-01 1.199417396563947635e-01
1.705936722533614848e+18 -3.008079816052087185e-01 1.189672524833549488e-01
1.705936722555481088e+18 -3.009796200091643947e-01 1.175612917938503726e-01
1.705936722577130496e+18 -3.009417526069312898e-01 1.161483192088804683e-01
1.705936722592904448e+18 -3.002444199646895906e-01 1.144162213781447779e-01
1.705936722616380672e+18 -2.994211266421368811e-01 1.131126937086007339e-01
1.705936722644455936e+18 -2.978349201990643791e-01 1.117954647653186112e-01
1.705936722663100160e+18 -2.956246110710240571e-01 1.103095296490813754e-01
1.705936722683548672e+18 -2.926678467799169181e-01 1.085948827626362218e-01
1.705936722705934336e+18 -2.898997103166753297e-01 1.072362436490325172e-01
1.705936722720937728e+18 -2.858795261462551140e-01 1.052758128676020005e-01
1.705936722743546112e+18 -2.823229343931246138e-01 1.033926500534931431e-01
1.705936722775550464e+18 -2.774348361509947902e-01 1.011106521871259073e-01
1.705936722800627968e+18 -2.711502765871674492e-01 9.997831980202899482e-02
1.705936722817194240e+18 -2.621679654461557818e-01 1.000434259110374452e-01
