1.705936100970093824e+18 -3.578437343184583952e-01 1.028194316314523238e-01
1.705936100979214592e+18 -3.578419677292037360e-01 1.027736390536532624e-01
1.705936100994123776e+18 -3.576058765466706424e-01 1.030231167018175187e-01
1.705936101013907456e+18 -3.573893416041908355e-01 1.031932275442412617e-01
1.705936101033395200e+18 -3.571455736022935978e-01 1.033206098402589257e-01
1.705936101060246272e+18 -3.568917583227383949e-01 1.034515017923234997e-01
1.705936101073373184e+18 -3.565818542893829934e-01 1.033846038537481749e-01
1.705936101090891264e+18 -3.564207129115433137e-01 1.032293872591284467e-01
1.705936101104812800e+18 -3.561685699453968068e-01 1.032367154719373431e-01
1.705936101120733184e+18 -3.559665917805474589e-01 1.032891148804331860e-01
1.705936101136303616e+18 -3.557180111744236983e-01 1.032176661790164124e-01
1.705936101152690688e+18 -3.554277873076538974e-01 1.031595057785550246e-01
1.705936101168427520e+18 -3.551829230344805688e-01 1.032055268743639065e-01
1.705936101184800000e+18 -3.549003994341758950e-01 1.031663238533563481e-01
1.705936101200379648e+18 -3.546255502806226478e-01 1.032990149217545700e-01
1.705936101216663552e+18 -3.544027848660475932e-01 1.033825240811634960e-01
1.705936101232590592e+18 -3.540747812480144474e-01 1.034673706694126810e-01
1.705936101248829184e+18 -3.537693574349022874e-01 1.035579133526672857e-01
1.705936101264551936e+18 -3.535157261980193533e-01 1.035975858079963702e-01
1.705936101280482560e+18 -3.532162020609412867e-01 1.035350578001596605e-01
1.705936101296155392e+18 -3.528836862409276964e-01 1.035297376555235072e-01
1.705936101313758208e+18 -3.526392799730130867e-01 1.034991087346389255e-01
1.705936101328464640e+18 -3.523139669999614809e-01 1.033440333822224361e-01
1.705936101345369088e+18 -3.520096194843132520e-01 1.031748164914697979e-01
1.705936101362441472e+18 -3.517727121516369682e-01 1.030720008489751927e-01
1.705936101381104128e+18 -3.514741408105911957e-01 1.028847105156175529e-01
1.705936101408439552e+18 -3.511605711348319003e-01 1.025594580632568503e-01
1.705936101424694016e+18 -3.508388549585209071e-01 1.020853257685031129e-01
1.705936101440359168e+18 -3.505540680645036766e-01 1.017779141109766416e-01
1.705936101456978176e+18 -3.503738287732091061e-01 1.015636946609187047e-01
1.705936101472367616e+18 -3.501037919966740186e-01 1.012860349681410088e-01
1.705936101488493056e+18 -3.498046928320866500e-01 1.010730868879615579e-01
1.705936101505326080e+18 -3.496065910317834313e-01 1.009089561981544730e-01
1.705936101520663040e+18 -3.492667426837803846e-01 1.006032495821190809e-01
1.705936101538912000e+18 -3.488994099546766092e-01 1.004382602562017834e-01
1.705936101554933504e+18 -3.486673762972771207e-01 1.002725425160638645e-01
1.705936101572691456e+18 -3.482931620365697367e-01 1.000619148021370253e-01
1.705936101600200448e+18 -3.478905553027448749e-01 9.982874922942858165e-02
1.705936101616165120e+18 -3.474085593321424303e-01 9.951968221421053640e-02
1.705936101632987904e+18 -3.470203597909274351e-01 9.931154626273561159e-02
1.705936101648304128e+18 -3.468393753357343900e-01 9.914944390103563876e-02
1.705936101664750336e+18 -3.465823210145194677e-01 9.890949970585928563e-02
1.705936101680763392e+18 -3.462926344790660527e-01 9.867735315308651112e-02
1.705936101696875264e+18 -3.461769894960459171e-01 9.859741354808114477e-02
1.705936101712332032e+18 -3.458986924884884795e-01 9.844050861842196243e-02
1.705936101728582144e+18 -3.455738351013442622e-01 9.824072994634917844e-02
1.705936101744538880e+18 -3.454350688711463890e-01 9.812216666434708801e-02
1.705936101760629504e+18 -3.451302810466038706e-01 9.773151644454163012e-02
1.705936101776177152e+18 -3.447984090181098749e-01 9.734902510279289101e-02
1.705936101792845824e+18 -3.446296259680620144e-01 9.711165322014767010e-02
1.705936101808178432e+18 -3.442264109408834094e-01 9.674996309369084113e-02
1.705936101824393216e+18 -3.437964688181112671e-01 9.644139291220304999e-02
1.705936101840066304e+18 -3.436533994978500650e-01 9.613800039305275824e-02
1.705936101856299520e+18 -3.432486382667103708e-01 9.560766307374110595e-02
1.705936101872050176e+18 -3.428166238471606619e-01 9.503195450139793887e-02
1.705936101888531968e+18 -3.426084293574700457e-01 9.450736212232024869e-02
1.705936101904685568e+18 -3.421490321401159385e-01 9.382242376354196778e-02
1.705936101920644608e+18 -3.416659802422560288e-01 9.301324496485008364e-02
1.705936101928232704e+18 -3.414888668342581646e-01 9.235570234240432497e-02
1.705936101952184064e+18 -3.411393626514104271e-01 9.178836859910353974e-02
1.705936101968323584e+18 -3.407027131249886764e-01 9.069641065970250604e-02
1.705936101984456192e+18 -3.404610836186152678e-01 8.965164298658426234e-02
1.705936102000152064e+18 -3.399910252193793503e-01 8.837769681191219584e-02
1.705936102017441280e+18 -3.394372046772726192e-01 8.693327031395206572e-02
1.705936102033570560e+18 -3.390323542816540137e-01 8.566437354370037838e-02
1.705936102052300544e+18 -3.382645311113210429e-01 8.370418192068450336e-02
1.705936102065641728e+18 -3.374881052708378348e-01 8.161937266997414120e-02
1.705936102083317760e+18 -3.370061293713537687e-01 7.996808711485642318e-02
1.705936102099057920e+18 -3.363004022532688486e-01 7.783969242806176858e-02
1.705936102114171648e+18 -3.355139455850389418e-01 7.567775639561805101e-02
1.705936102131117056e+18 -3.349637070560305130e-01 7.420357035477727348e-02
1.705936102147450624e+18 -3.342142682439758761e-01 7.214181806743574787e-02
1.705936102160361216e+18 -3.332863766822612428e-01 6.984571886807353081e-02
1.705936102176444416e+18 -3.328008057283813326e-01 6.864604546469339763e-02
1.705936102192205056e+18 -3.318100593346246519e-01 6.631034004563989004e-02
1.705936102208678912e+18 -3.309449070860305819e-01 6.417940450669303021e-02
1.705936102224974848e+18 -3.302723342667340800e-01 6.291806424215137805e-02
1.705936102240736768e+18 -3.293175422826331022e-01 6.069345969638688387e-02
1.705936102256577280e+18 -3.282591116868959769e-01 5.809907452588242843e-02
1.705936102272345856e+18 -3.275974116940043590e-01 5.639002314804332505e-02
1.705936102288251904e+18 -3.266471725307611429e-01 5.380500074704869934e-02
1.705936102305133824e+18 -3.255812382625927204e-01 5.084689121368282660e-02
1.705936102320063232e+18 -3.248963340214057749e-01 4.868425407095544610e-02
1.705936102336357120e+18 -3.238779948098712280e-01 4.577139368038822542e-02
1.705936102353810176e+18 -3.228423816156584802e-01 4.270863805028956434e-02
1.705936102369238016e+18 -3.222482111856103115e-01 4.094488043451168652e-02
1.705936102385067264e+18 -3.213651234423832159e-01 3.850460460543941865e-02
1.705936102400720128e+18 -3.204297097905982605e-01 3.566655831320068165e-02
1.705936102416250880e+18 -3.199827022307835112e-01 3.417339275836733803e-02
1.705936102432409088e+18 -3.192082118639134047e-01 3.184143270168074413e-02
1.705936102448237824e+18 -3.183559724732776819e-01 2.935319280339847639e-02
1.705936102467936768e+18 -3.180597872247297175e-01 2.806993072164106970e-02
1.705936102481084416e+18 -3.173879909135375876e-01 2.605221277897416116e-02
1.705936102498146816e+18 -3.166443774851194215e-01 2.380153270911166200e-02
1.705936102514452992e+18 -3.163386012300445915e-01 2.264142404648238072e-02
1.705936102528694016e+18 -3.155538566755987651e-01 2.036772028420251457e-02
1.705936102544536832e+18 -3.145391116738318060e-01 1.744978000345466171e-02
1.705936102560340224e+18 -3.137876043432515361e-01 1.500514704532554880e-02
1.705936102576383744e+18 -3.126725487452816643e-01 1.168072506551487942e-02
1.705936102592741888e+18 -3.116389756593651028e-01 8.348799038589555660e-03
1.705936102608063232e+18 -3.111411733395368917e-01 6.184396499127099017e-03
1.705936102624792064e+18 -3.106440461167486733e-01 3.412554851009291616e-03
1.705936102640551680e+18 -3.102939154550869993e-01 4.233774195116887969e-04
1.705936102665303552e+18 -3.102331298943034610e-01 -1.599498624319017469e-03
1.705936102690521344e+18 -3.098542711025738527e-01 -4.506969744226524584e-03
1.705936102704750592e+18 -3.094310642538750100e-01 -8.737152113462903769e-03
1.705936102722669824e+18 -3.089213420516922493e-01 -1.222458142145670112e-02
1.705936102736520960e+18 -3.083696412010775156e-01 -1.548640597642000384e-02
1.705936102752638720e+18 -3.080261702522757439e-01 -1.752738793460213371e-02
1.705936102768495616e+18 -3.075431113332665611e-01 -1.976747121952223199e-02
1.705936102787499264e+18 -3.071636643815640055e-01 -2.176839554383323480e-02
1.705936102800573184e+18 -3.070905179051158784e-01 -2.246324478650222473e-02
1.705936102816822528e+18 -3.069500657276603706e-01 -2.386923298331177640e-02
1.705936102832505088e+18 -3.066600074832878109e-01 -2.560006343446364838e-02
1.705936102848361984e+18 -3.064871198253745210e-01 -2.637811437480967053e-02
1.705936102865295616e+18 -3.061988518462402387e-01 -2.759250401917451301e-02
1.705936102880536064e+18 -3.059911571425079080e-01 -2.893609651621255330e-02
1.705936102888051968e+18 -3.059250937176064000e-01 -2.954494176603137193e-02
1.705936102912257792e+18 -3.058429389868048687e-01 -3.035026559066955967e-02
1.705936102928640768e+18 -3.056569847753212166e-01 -3.137960382997590641e-02
1.705936102945275136e+18 -3.055514710867458517e-01 -3.194005212126180271e-02
1.705936102960528384e+18 -3.054278252464659449e-01 -3.302322958995444757e-02
1.705936102976868352e+18 -3.053536631361186138e-01 -3.386640597103394296e-02
1.705936102992460544e+18 -3.054676555615384315e-01 -3.403090453098260582e-02
1.705936103010749696e+18 -3.056114313236462099e-01 -3.436997425958998598e-02
1.705936103028472064e+18 -3.059873989196855715e-01 -3.455863245361801700e-02
1.705936103053323520e+18 -3.063468914572081148e-01 -3.451456228512628233e-02
1.705936103076042752e+18 -3.066640222427884366e-01 -3.483966629902637835e-02
1.705936103092001024e+18 -3.071739235832219306e-01 -3.556882947496499414e-02
1.705936103107377152e+18 -3.074853157270603932e-01 -3.624151891915214363e-02
1.705936103123186176e+18 -3.077327824265674305e-01 -3.676922199914657574e-02
1.705936103139832064e+18 -3.081363181394692896e-01 -3.728568132173761679e-02
1.705936103156142592e+18 -3.086371034896123189e-01 -3.799769301742987604e-02
1.705936103172148480e+18 -3.089781638445514012e-01 -3.889297432547748207e-02
1.705936103185070080e+18 -3.091639179687543093e-01 -3.936853867406600593e-02
1.705936103200638464e+18 -3.092746140291777190e-01 -4.006306723064703701e-02
1.705936103216892672e+18 -3.094613009719580088e-01 -4.068236909632601261e-02
1.705936103232338176e+18 -3.098096080764175531e-01 -4.120871385845123469e-02
1.705936103248509440e+18 -3.101439546959028903e-01 -4.162483379471432904e-02
1.705936103264636672e+18 -3.105227597745758295e-01 -4.191736528740348799e-02
1.705936103280176384e+18 -3.108080048452609434e-01 -4.215379738540758064e-02
1.705936103296686336e+18 -3.109206818150203055e-01 -4.246348788410907876e-02
1.705936103313028352e+18 -3.110922368789258985e-01 -4.266258403675397132e-02
1.705936103329357824e+18 -3.112886152694703257e-01 -4.258557572853339385e-02
1.705936103344952064e+18 -3.115085179386378744e-01 -4.242261877336907239e-02
1.705936103360745216e+18 -3.118470158276550053e-01 -4.207937004107119294e-02
1.705936103376340736e+18 -3.122512438367114895e-01 -4.138237896619553075e-02
1.705936103392412928e+18 -3.125443827556704801e-01 -4.076424321200167872e-02
1.705936103408138496e+18 -3.128605656023613624e-01 -4.026115843864573607e-02
1.705936103425335552e+18 -3.132959111288259324e-01 -3.926356394018542390e-02
1.705936103440372992e+18 -3.138303859551546671e-01 -3.813474047291981472e-02
1.705936103456560640e+18 -3.145459804274891025e-01 -3.691301400308837771e-02
1.705936103472302080e+18 -3.153832346333165781e-01 -3.578182343236848556e-02
1.705936103488493312e+18 -3.161450618621590158e-01 -3.500514833146869953e-02
1.705936103504817664e+18 -3.169271496606438365e-01 -3.430753121547869267e-02
1.705936103520473600e+18 -3.176444017736906877e-01 -3.368485976968729062e-02
1.705936103536111872e+18 -3.183011874592396317e-01 -3.299083607961798142e-02
1.705936103554818048e+18 -3.186732844989982882e-01 -3.272491200249524890e-02
1.705936103568084992e+18 -3.194975660254269489e-01 -3.228358703600207186e-02
1.705936103585362176e+18 -3.200939920836604058e-01 -3.218443553502992049e-02
1.705936103600084224e+18 -3.213640821129839509e-01 -3.168189188885355695e-02
1.705936103616611584e+18 -3.220061399701930061e-01 -3.155526080356539642e-02
1.705936103632384768e+18 -3.229628064166403800e-01 -3.121958726456884950e-02
1.705936103648745984e+18 -3.241029811203260391e-01 -3.092426262062092715e-02
1.705936103664809216e+18 -3.252534988322274279e-01 -3.062561376451572448e-02
1.705936103680639488e+18 -3.263969495746234517e-01 -3.048191887785582990e-02
1.705936103700013568e+18 -3.275043031189304177e-01 -3.085430636410106328e-02
1.705936103714788352e+18 -3.286544181412685561e-01 -3.191533480344823509e-02
1.705936103735140608e+18 -3.296820882376291229e-01 -3.277232496015158175e-02
1.705936103752235520e+18 -3.310279697207101357e-01 -3.326556517845569855e-02
1.705936103782630400e+18 -3.328302013694393047e-01 -3.339226464129082389e-02
1.705936103808568832e+18 -3.362447958164375694e-01 -3.288654658738267289e-02
1.705936103825078272e+18 -3.391568478866449077e-01 -3.267834072872186080e-02
1.705936103840495616e+18 -3.411027721967318516e-01 -3.272482833709176864e-02
1.705936103856692480e+18 -3.425444330088893707e-01 -3.290771081153052308e-02
1.705936103873217280e+18 -3.440976603554450342e-01 -3.320825963305552853e-02
1.705936103888408320e+18 -3.454201115296379743e-01 -3.352197410271869071e-02
1.705936103905043200e+18 -3.466410927891173666e-01 -3.388968731209702351e-02
1.705936103921800704e+18 -3.478346382130406700e-01 -3.424794581645856928e-02
1.705936103939106304e+18 -3.490771261683989768e-01 -3.450716201456711235e-02
1.705936103957421824e+18 -3.502931600317972238e-01 -3.476176062481658308e-02
1.705936103980335104e+18 -3.517945382391141074e-01 -3.543419734480415112e-02
1.705936104004393984e+18 -3.528498175051623109e-01 -3.654295504011076390e-02
1.705936104021037568e+18 -3.544595337862395668e-01 -3.800162331697657520e-02
1.705936104043286528e+18 -3.559140371099470679e-01 -3.914312136397612996e-02
1.705936104071719168e+18 -3.582538612945690426e-01 -4.012902929597681606e-02
1.705936104098061568e+18 -3.612343760748494836e-01 -4.178235711902256871e-02
1.705936104114750720e+18 -3.640708200380057824e-01 -4.312812016602617787e-02
1.705936104130732032e+18 -3.662853087115355288e-01 -4.375674887786285688e-02
1.705936104148102400e+18 -3.684615080215028482e-01 -4.395373113723086145e-02
1.705936104164980480e+18 -3.704456684164187386e-01 -4.414090212512512129e-02
1.705936104196446720e+18 -3.724598340566125931e-01 -4.449679574947189992e-02
1.705936104227654912e+18 -3.756875072830750395e-01 -4.592885111651353464e-02
1.705936104242929152e+18 -3.790486431632848485e-01 -4.748319282030873806e-02
1.705936104256438784e+18 -3.809710434467034057e-01 -4.893063092062408664e-02
1.705936104272408064e+18 -3.820335756965861918e-01 -4.988532913004029706e-02
1.705936104290525184e+18 -3.832855219155443804e-01 -5.104983538954463440e-02
1.705936104304691456e+18 -3.855138634978403367e-01 -5.295485006666191680e-02
1.705936104322108928e+18 -3.865621738172025923e-01 -5.417304599669511833e-02
1.705936104339215360e+18 -3.884669933494602767e-01 -5.584814409796427792e-02
1.705936104356510720e+18 -3.900539487620809376e-01 -5.742465905147999677e-02
1.705936104386470912e+18 -3.916951954693846938e-01 -5.898495781545332051e-02
1.705936104403922688e+18 -3.936023602898947593e-01 -6.233442662576822030e-02
1.705936104420894720e+18 -3.946396311443450822e-01 -6.527633636222665570e-02
1.705936104453377536e+18 -3.955418830358030102e-01 -6.766241641007966767e-02
1.705936104479956480e+18 -3.975298255201928921e-01 -7.075205215521690461e-02
1.705936104496581376e+18 -3.989345061158588446e-01 -7.314291783630304244e-02
1.705936104512715520e+18 -3.995961566516360586e-01 -7.481593957057730560e-02
1.705936104528279040e+18 -4.000836188852253117e-01 -7.674678527522139915e-02
1.705936104544912384e+18 -4.006780553927264399e-01 -7.800181738337030879e-02
1.705936104560435200e+18 -4.013503223114430196e-01 -7.884555184904885883e-02
1.705936104576529152e+18 -4.021159663291272723e-01 -7.919007517844925403e-02
1.705936104592814080e+18 -4.031645557331476892e-01 -7.905582059907956261e-02
1.705936104615008000e+18 -4.044096130260594335e-01 -7.891072373215865521e-02
1.705936104644142080e+18 -4.059984112700463776e-01 -7.878132401782791949e-02
1.705936104662567168e+18 -4.073462996248626289e-01 -7.801847336959945312e-02
1.705936104685704192e+18 -4.088901436207942330e-01 -7.754147883437559341e-02
1.705936104707666688e+18 -4.104109977876582160e-01 -7.731182586951305946e-02
1.705936104724322816e+18 -4.117424426292790596e-01 -7.710879726224102726e-02
1.705936104742162688e+18 -4.130715873895958734e-01 -7.671498929253871280e-02
1.705936104773655552e+18 -4.149392379933587449e-01 -7.592495546273145268e-02
1.705936104802974208e+18 -4.170811383982300780e-01 -7.480634579459079225e-02
1.705936104821957376e+18 -4.209219068415270271e-01 -7.344397803891977716e-02
1.705936104844317184e+18 -4.235958418362965605e-01 -7.234382778680917281e-02
1.705936104867531520e+18 -4.270980218646577287e-01 -7.078000113270081772e-02
1.705936104883876608e+18 -4.314693898726169596e-01 -6.911184259561700682e-02
1.705936104896740352e+18 -4.346402160911272405e-01 -6.768650614573612501e-02
1.705936104912493056e+18 -4.375635970706263089e-01 -6.678708991334629530e-02
1.705936104928876800e+18 -4.402647949319201670e-01 -6.611798240716841579e-02
1.705936104945351424e+18 -4.427813889318439333e-01 -6.546069782757651945e-02
1.705936104960908032e+18 -4.454665856069597307e-01 -6.436819898343032476e-02
1.705936104977750784e+18 -4.484476613274211987e-01 -6.315966740834463855e-02
1.705936104992832000e+18 -4.504862214743947657e-01 -6.243068883047491607e-02
1.705936105008594432e+18 -4.531716315655152649e-01 -6.168165676379545187e-02
1.705936105024782080e+18 -4.559454864121365580e-01 -6.101736733761158049e-02
1.705936105040245760e+18 -4.586383476055505559e-01 -5.956010691336306728e-02
1.705936105056943104e+18 -4.612350719275841726e-01 -5.764711912319818443e-02
1.705936105075660800e+18 -4.634772918967586253e-01 -5.602972686681099296e-02
1.705936105090164992e+18 -4.659810192248551308e-01 -5.483868186391534921e-02
1.705936105107560960e+18 -4.680387870227712965e-01 -5.384670861200013814e-02
1.705936105125530368e+18 -4.700532698090321149e-01 -5.343385853881638115e-02
1.705936105152318464e+18 -4.716945024574358825e-01 -5.287741177867862769e-02
1.705936105168088320e+18 -4.741657316011737011e-01 -5.243123351475507954e-02
1.705936105185167360e+18 -4.765031265876735200e-01 -5.204983684522233173e-02
1.705936105200231936e+18 -4.782163814169452798e-01 -5.147628260905037778e-02
1.705936105217069824e+18 -4.797458642706218801e-01 -5.105856048908934824e-02
1.705936105232155648e+18 -4.813813300754826718e-01 -5.096938632005120623e-02
1.705936105248795392e+18 -4.825617817932160158e-01 -5.044452250475470190e-02
1.705936105264697856e+18 -4.836464699210090701e-01 -4.969223241756466625e-02
1.705936105280779776e+18 -4.848989544123789575e-01 -4.883516186654513619e-02
1.705936105296353280e+18 -4.861131033200767892e-01 -4.756328830560600102e-02
1.705936105313100544e+18 -4.871475580595450716e-01 -4.633743325747370634e-02
1.705936105328312832e+18 -4.878017697260544350e-01 -4.532806278229465496e-02
1.705936105344667648e+18 -4.881304089595719375e-01 -4.475152931961635938e-02
1.705936105360593152e+18 -4.883765217520338875e-01 -4.405926155598340055e-02
1.705936105376853248e+18 -4.885108556250305489e-01 -4.291380285839736797e-02
1.705936105392466432e+18 -4.887673635866635058e-01 -4.178270146446547845e-02
1.705936105408391424e+18 -4.889944963554665458e-01 -4.063684340460937960e-02
1.705936105424156416e+18 -4.888484042402705398e-01 -3.991897483485541687e-02
1.705936105440945920e+18 -4.888359730855448837e-01 -3.967054816145688251e-02
1.705936105456636416e+18 -4.886151242091262836e-01 -3.974998159855032409e-02
1.705936105473012736e+18 -4.883873739598185715e-01 -3.975962038810179622e-02
1.705936105488324608e+18 -4.880016930064894343e-01 -3.944149651861775935e-02
1.705936105504644608e+18 -4.874107806086168115e-01 -3.927315366965115906e-02
1.705936105520484096e+18 -4.870382298347675221e-01 -3.938540806212084688e-02
1.705936105538423040e+18 -4.870012066773993231e-01 -3.991339272173519137e-02
1.705936105552400384e+18 -4.872636101471655157e-01 -4.045272130854844772e-02
1.705936105568789504e+18 -4.876908474250682413e-01 -4.069340265623386244e-02
1.705936105584287232e+18 -4.878750118825075366e-01 -4.077348718743852019e-02
1.705936105600331520e+18 -4.876562268848910198e-01 -4.120735255802776553e-02
1.705936105616322816e+18 -4.874646944755707811e-01 -4.226910038067792363e-02
1.705936105632332544e+18 -4.873183592332487879e-01 -4.323526077531281153e-02
1.705936105648520192e+18 -4.872841616403983389e-01 -4.387344208208249913e-02
1.705936105665251072e+18 -4.872850811615946909e-01 -4.410370182689563046e-02
1.705936105680395264e+18 -4.872520580574828952e-01 -4.420039348410089580e-02
1.705936105699016704e+18 -4.875267202836482405e-01 -4.458957065163054317e-02
1.705936105712437504e+18 -4.878284876701456385e-01 -4.504321052481899401e-02
1.705936105728513536e+18 -4.880639488235600787e-01 -4.535321734882955674e-02
1.705936105744178176e+18 -4.883437922400651332e-01 -4.549532802919942220e-02
1.705936105763641344e+18 -4.887060822076852440e-01 -4.574611386756164549e-02
1.705936105781287936e+18 -4.893434213987453152e-01 -4.520611187069025622e-02
1.705936105803757824e+18 -4.901558121686986902e-01 -4.441281192685987006e-02
1.705936105824820224e+18 -4.914206646950888269e-01 -4.339516211738593532e-02
1.705936105840485120e+18 -4.926429095365887356e-01 -4.254261442434231766e-02
1.705936105857462528e+18 -4.933869062838142083e-01 -4.232718284836698569e-02
1.705936105872112128e+18 -4.942378089719511869e-01 -4.229936138639189824e-02
1.705936105892645632e+18 -4.947790029814763124e-01 -4.239962569633110717e-02
1.705936105920026624e+18 -4.951446828796427502e-01 -4.237667741978926039e-02
1.705936105936495872e+18 -4.954095748187244963e-01 -4.229011530581303080e-02
1.705936105955366400e+18 -4.955882214302328448e-01 -4.161986116412787207e-02
1.705936105971199232e+18 -4.951892407490210979e-01 -4.147479948809090766e-02
1.705936105988338944e+18 -4.951475238852752203e-01 -4.129704820438175744e-02
1.705936106005248000e+18 -4.951125048197270173e-01 -4.135325648069330257e-02
1.705936106026996224e+18 -4.949508815613253288e-01 -4.148811230643937448e-02
1.705936106055001344e+18 -4.945471233025999780e-01 -4.130854389458073900e-02
1.705936106085234432e+18 -4.947356070763565539e-01 -4.041735014464186565e-02
1.705936106112117760e+18 -4.952092654187384424e-01 -3.874941898428481413e-02
1.705936106131239936e+18 -4.954059726471864433e-01 -3.689278930314151411e-02
1.705936106146932480e+18 -4.954356854108289965e-01 -3.574153812319592199e-02
1.705936106162625280e+18 -4.953706784061326918e-01 -3.482436490121911671e-02
1.705936106178435328e+18 -4.951418715722131769e-01 -3.371256448091127650e-02
1.705936106192464896e+18 -4.950238018438876675e-01 -3.272799665944527148e-02
1.705936106208548352e+18 -4.945636758488965445e-01 -3.158957650246312782e-02
1.705936106224615424e+18 -4.939561447987161902e-01 -3.028093821861986557e-02
1.705936106240412928e+18 -4.934409439113370821e-01 -2.926867373252348831e-02
1.705936106257504000e+18 -4.931670118158231753e-01 -2.899046829391305549e-02
1.705936106277032960e+18 -4.926491334009798218e-01 -2.965414848784355892e-02
1.705936106310029312e+18 -4.919073670843677193e-01 -3.124928471153632856e-02
1.705936106342686720e+18 -4.910580300507875751e-01 -3.401334065407554674e-02
1.705936106371847424e+18 -4.901740594673020812e-01 -3.688025936438125985e-02
1.705936106387585792e+18 -4.897674120456037006e-01 -3.951366552140014171e-02
1.705936106404747520e+18 -4.896659212995947419e-01 -4.108773664396936365e-02
1.705936106436979968e+18 -4.895494284330374479e-01 -4.251396747244304969e-02
1.705936106466160128e+18 -4.900246197529611325e-01 -4.421704122045740093e-02
1.705936106484521728e+18 -4.899404144010773843e-01 -4.689912557948747868e-02
1.705936106506668288e+18 -4.893495520410016675e-01 -4.874481889393756512e-02
1.705936106532808960e+18 -4.883387458470527798e-01 -5.135931588886712140e-02
1.705936106563702528e+18 -4.870178047872015803e-01 -5.381253867765626447e-02
1.705936106576469504e+18 -4.862569655500567078e-01 -5.596179260985774395e-02
1.705936106592732416e+18 -4.859394336750686438e-01 -5.736561090096668064e-02
1.705936106608671488e+18 -4.855602531706851854e-01 -5.835183684556944500e-02
1.705936106625000960e+18 -4.857121406376082584e-01 -5.928761230694767209e-02
1.705936106632272128e+18 -4.857519738629020312e-01 -5.959061823533926688e-02
1.705936106640259072e+18 -4.855531689992723110e-01 -6.000241342695740443e-02
1.705936106656787968e+18 -4.855611209948689777e-01 -6.022894233981287287e-02
1.705936106672522496e+18 -4.855401065077703526e-01 -6.113717578907169881e-02
1.705936106688673536e+18 -4.853065818039623003e-01 -6.229422524470951128e-02
1.705936106706456064e+18 -4.849822340681880228e-01 -6.378693364751104877e-02
1.705936106720585472e+18 -4.843615465396730602e-01 -6.576016956329848451e-02
1.705936106736420352e+18 -4.841599676409922282e-01 -6.660368302115780847e-02
1.705936106752812800e+18 -4.838455506336617473e-01 -6.770411403610859802e-02
1.705936106768280064e+18 -4.833585135607596506e-01 -6.921466020675354214e-02
1.705936106784302592e+18 -4.830345141792783403e-01 -7.099297838812773653e-02
1.705936106802365696e+18 -4.826290606256373183e-01 -7.245155988194552921e-02
1.705936106819632896e+18 -4.822718772936455123e-01 -7.384193195222017725e-02
1.705936106835319296e+18 -4.820239878674200118e-01 -7.594360854566950536e-02
1.705936106854141184e+18 -4.814800604329294575e-01 -7.762106461725674922e-02
1.705936106883751936e+18 -4.809704960008783781e-01 -7.921936289525523256e-02
1.705936106902318592e+18 -4.804836981732902301e-01 -8.196493713199956566e-02
1.705936106920624640e+18 -4.802407039960850943e-01 -8.331869254731587293e-02
1.705936106945153024e+18 -4.804209558353254028e-01 -8.415943595177811931e-02
1.705936106962547200e+18 -4.801580972804568304e-01 -8.587002284530230456e-02
1.705936106977432064e+18 -4.798195213790665825e-01 -8.761511820466774680e-02
1.705936106992074240e+18 -4.791065143572170171e-01 -8.943280208475773430e-02
1.705936107008795392e+18 -4.785702360322668936e-01 -9.139209776350223913e-02
1.705936107030037760e+18 -4.783477049630166511e-01 -9.313248423728361092e-02
1.705936107054030080e+18 -4.779252932790426511e-01 -9.554473673240805598e-02
1.705936107077314560e+18 -4.778124149350568284e-01 -9.837081075599567181e-02
1.705936107104186624e+18 -4.772383499950144659e-01 -1.007333769265936901e-01
1.705936107120546560e+18 -4.766630009438782012e-01 -1.034568434359846162e-01
1.705936107136809472e+18 -4.763199559377887526e-01 -1.050439754055762370e-01
1.705936107152400128e+18 -4.758729792459355790e-01 -1.062686357649536700e-01
1.705936107168464896e+18 -4.750232220167762143e-01 -1.074059049730241300e-01
1.705936107185036544e+18 -4.739375422754556477e-01 -1.087261995782789897e-01
1.705936107200823808e+18 -4.726271701076762977e-01 -1.104989106897535656e-01
1.705936107216286720e+18 -4.719767234166041270e-01 -1.119982357836906417e-01
1.705936107232539904e+18 -4.710674162420043776e-01 -1.134720116157893616e-01
1.705936107248198144e+18 -4.700692465523786390e-01 -1.155431376673216742e-01
1.705936107265201152e+18 -4.688630953638365795e-01 -1.176889722089355661e-01
1.705936107282411776e+18 -4.680008887995910083e-01 -1.198847847357866064e-01
1.705936107302830592e+18 -4.666227003341311130e-01 -1.219439189622530811e-01
1.705936107332555520e+18 -4.649887356506417491e-01 -1.237746499386309651e-01
1.705936107365362944e+18 -4.624695289594644709e-01 -1.272751779353551715e-01
1.705936107396707328e+18 -4.597634066611181458e-01 -1.317296241686232161e-01
1.705936107427057408e+18 -4.573279058710168488e-01 -1.358931427422995497e-01
1.705936107444058624e+18 -4.545825780848903319e-01 -1.385145228225888592e-01
1.705936107456828160e+18 -4.530476600754239080e-01 -1.404679036803054004e-01
1.705936107472223488e+18 -4.521384968472978994e-01 -1.417309253298304483e-01
1.705936107488764160e+18 -4.510697068388985764e-01 -1.433044628788276986e-01
1.705936107504945152e+18 -4.500296046104901859e-01 -1.445898404996569797e-01
1.705936107520804864e+18 -4.488218151801157130e-01 -1.456260764548612807e-01
1.705936107536731904e+18 -4.476853825640231266e-01 -1.466126078742521766e-01
1.705936107552752128e+18 -4.463741768056900816e-01 -1.476511264709704230e-01
1.705936107572439808e+18 -4.444158875355574412e-01 -1.490673120580378874e-01
1.705936107586668544e+18 -4.427810160977050935e-01 -1.513530948245344898e-01
1.705936107605476352e+18 -4.418821936937024630e-01 -1.524667669739025178e-01
1.705936107627498240e+18 -4.404789640354265789e-01 -1.537298215715506011e-01
1.705936107654384896e+18 -4.388462131592354432e-01 -1.549735696550411101e-01
1.705936107684270848e+18 -4.360715946221045414e-01 -1.579679217868706353e-01
1.705936107696503552e+18 -4.335106747787506598e-01 -1.603898518538932338e-01
1.705936107712304640e+18 -4.316674145352527026e-01 -1.621659703258695184e-01
1.705936107728540160e+18 -4.301118130992203081e-01 -1.634519981791244525e-01
1.705936107755064576e+18 -4.286307318175613390e-01 -1.645524528842345069e-01
1.705936107781138176e+18 -4.269447098245429673e-01 -1.659476913412700483e-01
1.705936107814155008e+18 -4.254926262414221450e-01 -1.672712531664898583e-01
1.705936107844204800e+18 -4.232713604285562314e-01 -1.683290919208088321e-01
1.705936107860207872e+18 -4.215060412881974083e-01 -1.695225035220153942e-01
1.705936107872997888e+18 -4.203734307488596889e-01 -1.705311319850376095e-01
1.705936107880352512e+18 -4.191279631758147994e-01 -1.714380900006229613e-01
1.705936107905218560e+18 -4.185797877706433079e-01 -1.715144925914791063e-01
1.705936107923616000e+18 -4.172750918511934359e-01 -1.729900416943387365e-01
1.705936107943228928e+18 -4.163868938344091331e-01 -1.742100126909640057e-01
1.705936107971919872e+18 -4.153984595894157916e-01 -1.752349140614788692e-01
1.705936107987020800e+18 -4.135564535205772385e-01 -1.764763114934854715e-01
1.705936108001593856e+18 -4.123601503190010287e-01 -1.771696306117377662e-01
1.705936108016158464e+18 -4.114983502152891326e-01 -1.777395081196829485e-01
1.705936108032838912e+18 -4.107940853691367522e-01 -1.779870497807261309e-01
1.705936108049132544e+18 -4.091775681096577744e-01 -1.784305971551282677e-01
1.705936108067420672e+18 -4.075862168894563431e-01 -1.787323637197702764e-01
1.705936108086745856e+18 -4.059861219216897577e-01 -1.791316073072161674e-01
1.705936108109445632e+18 -4.044473273710639250e-01 -1.798514843760947168e-01
1.705936108134326272e+18 -4.024779872428662642e-01 -1.805453498697216219e-01
1.705936108165111552e+18 -4.002940143476796941e-01 -1.810391883796246548e-01
1.705936108196923904e+18 -3.973805857526884200e-01 -1.822201921691579962e-01
1.705936108227216128e+18 -3.937435067346628514e-01 -1.835404986968283414e-01
1.705936108240289792e+18 -3.902208479448709966e-01 -1.851094952519895531e-01
1.705936108256737536e+18 -3.886648729835358029e-01 -1.858384298333137508e-01
1.705936108272502784e+18 -3.865340870023108444e-01 -1.868065564776569820e-01
1.705936108288634624e+18 -3.849143419829600399e-01 -1.874718433947327179e-01
1.705936108304233472e+18 -3.831798953008815900e-01 -1.880279028184053680e-01
1.705936108320367872e+18 -3.814763942489313164e-01 -1.885881819670904291e-01
1.705936108336187392e+18 -3.797640572130743797e-01 -1.889873865265268293e-01
1.705936108353031936e+18 -3.783274960477424620e-01 -1.893866226825735577e-01
1.705936108368495872e+18 -3.770578436729886129e-01 -1.897978254663417463e-01
1.705936108384962304e+18 -3.757389787220249966e-01 -1.902240124924526044e-01
1.705936108400246016e+18 -3.742152555357018962e-01 -1.904842691084143169e-01
1.705936108417165312e+18 -3.732419222560723338e-01 -1.908396579890633271e-01
1.705936108432205568e+18 -3.723267452495815921e-01 -1.911872466535576853e-01
1.705936108448923904e+18 -3.712078393896726669e-01 -1.914978987499391661e-01
1.705936108464669696e+18 -3.697929570161552215e-01 -1.920484610430334416e-01
1.705936108480434432e+18 -3.687054942524342072e-01 -1.927990692225835800e-01
1.705936108497667328e+18 -3.679435721188927255e-01 -1.934133661685968619e-01
1.705936108512394752e+18 -3.673603215190677229e-01 -1.939456809780942814e-01
1.705936108528219392e+18 -3.667529996507925549e-01 -1.945865708126531257e-01
1.705936108545166592e+18 -3.662504740946003756e-01 -1.953634504584247089e-01
1.705936108560089600e+18 -3.657341405005116175e-01 -1.960874149511504516e-01
1.705936108576249344e+18 -3.651596196273874106e-01 -1.966359434210482870e-01
1.705936108592166144e+18 -3.644639818925879404e-01 -1.974056070342649905e-01
1.705936108608400128e+18 -3.638630040689988521e-01 -1.982577386307347866e-01
1.705936108624296960e+18 -3.633320037028059946e-01 -1.994217244050395799e-01
1.705936108640709120e+18 -3.627419611878006656e-01 -2.004996140494018364e-01
1.705936108656656640e+18 -3.618510929815369481e-01 -2.016735671048487388e-01
1.705936108672815872e+18 -3.607868585892924918e-01 -2.028477968377946639e-01
1.705936108693424128e+18 -3.598065860339767497e-01 -2.039675316288578899e-01
1.705936108714443776e+18 -3.588919755040843040e-01 -2.052002562696675081e-01
1.705936108743389440e+18 -3.579138883098278989e-01 -2.068108537138563241e-01
1.705936108775146496e+18 -3.568465190713415169e-01 -2.078744985722419114e-01
1.705936108804155648e+18 -3.553162523169827169e-01 -2.087579220181459139e-01
1.705936108823588608e+18 -3.536903425511075949e-01 -2.091784968938924794e-01
1.705936108835868416e+18 -3.525686470241731207e-01 -2.091979544547959979e-01
1.705936108848593664e+18 -3.518624849715576430e-01 -2.096513790682280609e-01
1.705936108865310464e+18 -3.513819301609882872e-01 -2.097297111510379175e-01
1.705936108880533248e+18 -3.509431535374544220e-01 -2.095366620949855041e-01
1.705936108896626432e+18 -3.506282583299253908e-01 -2.095390151722954231e-01
1.705936108912317952e+18 -3.503569178872598111e-01 -2.097701142481948333e-01
1.705936108928575744e+18 -3.498587289949099954e-01 -2.099210832621138390e-01
1.705936108944137728e+18 -3.494889410612881941e-01 -2.100439208964411386e-01
1.705936108961031680e+18 -3.490285460471383994e-01 -2.102750825578324212e-01
1.705936108976753408e+18 -3.486368369566990033e-01 -2.108087124306618210e-01
1.705936108992388096e+18 -3.482807354795100507e-01 -2.112547633414200987e-01
1.705936109000280832e+18 -3.478730295993127108e-01 -2.115953120317217440e-01
1.705936109008111616e+18 -3.477082013065487254e-01 -2.116721840990072601e-01
1.705936109024539904e+18 -3.472603355734409925e-01 -2.117477403500951649e-01
1.705936109032138752e+18 -3.467799582764412580e-01 -2.118169824093871778e-01
1.705936109040330496e+18 -3.466744724146354484e-01 -2.121605582253549560e-01
1.705936109056359680e+18 -3.465029411415529448e-01 -2.121784137473282372e-01
1.705936109072418560e+18 -3.462591079610294331e-01 -2.122886093473158597e-01
1.705936109088853248e+18 -3.461546801576890764e-01 -2.122598575021647227e-01
1.705936109106119168e+18 -3.462886228816103307e-01 -2.125234881515167540e-01
1.705936109120506624e+18 -3.463777607481248189e-01 -2.124065796804766593e-01
1.705936109128176128e+18 -3.463437950468477577e-01 -2.121460254893549890e-01
1.705936109136322048e+18 -3.463161789604707330e-01 -2.119964330133098096e-01
1.705936109152548864e+18 -3.463122375002330444e-01 -2.119275426489186098e-01
1.705936109161171712e+18 -3.463099729859777653e-01 -2.118065226377319477e-01
1.705936109171374080e+18 -3.463977874768129905e-01 -2.118914245162391574e-01
1.705936109184445440e+18 -3.462542062024032141e-01 -2.118726127730873876e-01
1.705936109192084480e+18 -3.462505390744081146e-01 -2.117913054836661757e-01
1.705936109200483584e+18 -3.462663241226049404e-01 -2.116987637020187885e-01
1.705936109218557184e+18 -3.463090969755929782e-01 -2.117128223330604353e-01
1.705936109225177344e+18 -3.464941043983474911e-01 -2.116688653965125289e-01
1.705936109232258048e+18 -3.466398423955992514e-01 -2.117056114597646310e-01
1.705936109248320256e+18 -3.467906800593246186e-01 -2.115178380087113230e-01
1.705936109260607232e+18 -3.470032174061042363e-01 -2.111041417276452170e-01
1.705936109267989248e+18 -3.472690932425449573e-01 -2.108565153306687090e-01
1.705936109284053248e+18 -3.474725009919462093e-01 -2.105819571569887139e-01
1.705936109296486144e+18 -3.479777074345941079e-01 -2.097683633870507103e-01
1.705936109316724736e+18 -3.484370934518133400e-01 -2.088493568228868835e-01
1.705936109349058048e+18 -3.488048480178264632e-01 -2.078975651191205254e-01
1.705936109380361728e+18 -3.495750538030538701e-01 -2.059923860234279258e-01
1.705936109392000256e+18 -3.502088197953888704e-01 -2.033508555991125621e-01
1.705936109408354304e+18 -3.506583619428270127e-01 -2.018449702402880519e-01
1.705936109424834560e+18 -3.512303285854580515e-01 -2.010581730124355593e-01
1.705936109440769536e+18 -3.521048996610142701e-01 -2.001963152632559306e-01
1.705936109456483072e+18 -3.527891218601398871e-01 -1.994335829153882633e-01
1.705936109472860672e+18 -3.534917980782070202e-01 -1.987719679681906049e-01
1.705936109488538624e+18 -3.543020837669211276e-01 -1.979941619031451439e-01
1.705936109505520128e+18 -3.552674428196920808e-01 -1.973360541689579695e-01
1.705936109520309248e+18 -3.562522542207937626e-01 -1.963762902796931664e-01
1.705936109536619264e+18 -3.572430188153249420e-01 -1.952496916558746631e-01
1.705936109552029440e+18 -3.582972326187230383e-01 -1.941932620031162349e-01
1.705936109568222208e+18 -3.590481820141775970e-01 -1.935281460118374319e-01
1.705936109585931520e+18 -3.602644533600479204e-01 -1.928267965611227264e-01
1.705936109601023488e+18 -3.616871163462487826e-01 -1.918037695430995782e-01
1.705936109616788736e+18 -3.627009408472285368e-01 -1.912396830631671596e-01
1.705936109632390144e+18 -3.633203580728287529e-01 -1.909712697704647466e-01
1.705936109640392704e+18 -3.644637565448852201e-01 -1.907723652348133903e-01
1.705936109648400640e+18 -3.649687015150802627e-01 -1.905288593422160004e-01
1.705936109665078272e+18 -3.651625582776843459e-01 -1.901956761092809534e-01
1.705936109680289024e+18 -3.659281628108324025e-01 -1.898584485195733140e-01
1.705936109696922624e+18 -3.668903220750114880e-01 -1.895902018605009898e-01
1.705936109712554240e+18 -3.678089305571253798e-01 -1.891331835967683950e-01
1.705936109728770560e+18 -3.688688510436508028e-01 -1.884245056067899160e-01
1.705936109744493568e+18 -3.697741025077899146e-01 -1.877535533132478340e-01
1.705936109764155392e+18 -3.707022931962291046e-01 -1.872769107966357482e-01
1.705936109778774016e+18 -3.719771716891066005e-01 -1.862775524931618576e-01
1.705936109795377920e+18 -3.726021831792231676e-01 -1.859181109256492770e-01
1.705936109812104192e+18 -3.736271556467805621e-01 -1.850888117554754242e-01
1.705936109825344512e+18 -3.745456043094858578e-01 -1.842378579224792645e-01
1.705936109832303104e+18 -3.749801710301859381e-01 -1.840585185323500850e-01
1.705936109858568192e+18 -3.753643483320997509e-01 -1.838610902825499049e-01
1.705936109872327680e+18 -3.762216773627632960e-01 -1.833536015611421655e-01
1.705936109888591616e+18 -3.769267727974677240e-01 -1.831081881962832170e-01
1.705936109904291072e+18 -3.775319374024909691e-01 -1.828321910348100765e-01
1.705936109920384256e+18 -3.782086148393867808e-01 -1.825814904800327765e-01
1.705936109938496512e+18 -3.787855996156060945e-01 -1.824339825435744578e-01
1.705936109955034880e+18 -3.795886717138903244e-01 -1.823308466826395191e-01
1.705936109965209600e+18 -3.802268593497883931e-01 -1.819867028407247123e-01
1.705936109987894016e+18 -3.807229937756146376e-01 -1.817130023894304724e-01
1.705936110000514048e+18 -3.818001371746451156e-01 -1.810619001650852211e-01
1.705936110016657664e+18 -3.826898168478604090e-01 -1.803677163145857854e-01
1.705936110032160512e+18 -3.836132758174928270e-01 -1.797240805690100141e-01
1.705936110048789248e+18 -3.845553198205103329e-01 -1.792801665158552660e-01
1.705936110064492544e+18 -3.858105979889958626e-01 -1.785797587339768566e-01
1.705936110081039104e+18 -3.873315497482590630e-01 -1.774344454402047300e-01
1.705936110096558336e+18 -3.891080426346970600e-01 -1.760482211957900001e-01
1.705936110112745984e+18 -3.912550086601729316e-01 -1.743600604413777233e-01
1.705936110128556544e+18 -3.930139090121227419e-01 -1.726583497622219132e-01
1.705936110145353216e+18 -3.946777890737445116e-01 -1.712462318035151698e-01
1.705936110160439552e+18 -3.964494184270909161e-01 -1.704529801122041111e-01
1.705936110176300288e+18 -3.981471796237143201e-01 -1.697990892701128629e-01
1.705936110192225536e+18 -3.993525317098533534e-01 -1.693160215828082016e-01
1.705936110208434176e+18 -4.001609893071124691e-01 -1.690860609222678002e-01
1.705936110226442240e+18 -4.018850972794134613e-01 -1.685757884472960655e-01
1.705936110240863488e+18 -4.033786571149642897e-01 -1.682048193465461583e-01
1.705936110256563968e+18 -4.043568030898005428e-01 -1.677635678125710406e-01
1.705936110272836352e+18 -4.050651453654633971e-01 -1.674994541142706961e-01
1.705936110292784896e+18 -4.057859011675195027e-01 -1.672728017859084482e-01
1.705936110312841728e+18 -4.065841643992402776e-01 -1.671382020524807277e-01
1.705936110339401216e+18 -4.073183134555110052e-01 -1.669179319369684944e-01
1.705936110356575232e+18 -4.085447306475685214e-01 -1.659725458599926040e-01
1.705936110379839232e+18 -4.095403864222879053e-01 -1.651622799312963408e-01
1.705936110403798784e+18 -4.110143420721957264e-01 -1.641005515349103772e-01
1.705936110422874112e+18 -4.125310062829656288e-01 -1.629621967856687004e-01
1.705936110444836096e+18 -4.136840240039537653e-01 -1.620031774914834355e-01
1.705936110467879424e+18 -4.147851896325029930e-01 -1.609111043229791982e-01
1.705936110484225536e+18 -4.158418647171487348e-01 -1.593989545058125124e-01
1.705936110496613632e+18 -4.169813400812761861e-01 -1.583688440628463201e-01
1.705936110512514560e+18 -4.177972020683914933e-01 -1.575094120474873349e-01
1.705936110528742400e+18 -4.188463209106010887e-01 -1.562051926029231208e-01
1.705936110546187264e+18 -4.201820117825410539e-01 -1.547975443644021842e-01
1.705936110563496960e+18 -4.216187807516744157e-01 -1.534614622155860142e-01
1.705936110582416128e+18 -4.230723827523464320e-01 -1.518863767924492070e-01
1.705936110605741312e+18 -4.250809642742462979e-01 -1.501158524432146257e-01
1.705936110628933888e+18 -4.271734572332729352e-01 -1.483334050935682935e-01
1.705936110656307712e+18 -4.290319364295284710e-01 -1.462271260871710332e-01
1.705936110672364544e+18 -4.308060962934938121e-01 -1.448327317924082702e-01
1.705936110688428800e+18 -4.318947490007861711e-01 -1.439769271423497199e-01
1.705936110704694016e+18 -4.326282692198445412e-01 -1.434850195145658258e-01
1.705936110722730496e+18 -4.330241135397819852e-01 -1.431051823629815312e-01
1.705936110739107584e+18 -4.339160839481882581e-01 -1.429811052212193734e-01
1.705936110756294912e+18 -4.347219877458744497e-01 -1.425711216454352559e-01
1.705936110774287872e+18 -4.358419496798083270e-01 -1.420017466197072142e-01
1.705936110797675520e+18 -4.371063297246269852e-01 -1.410137292705158640e-01
1.705936110823235072e+18 -4.389991954207880798e-01 -1.390931563737939358e-01
1.705936110848332800e+18 -4.413818697074388675e-01 -1.370865611272828188e-01
1.705936110864049664e+18 -4.438287251240561337e-01 -1.353118077092090865e-01
1.705936110880873472e+18 -4.458134130435350562e-01 -1.342924432790508216e-01
1.705936110896674816e+18 -4.477209780344647005e-01 -1.338056151126891524e-01
1.705936110912766976e+18 -4.492446073691954145e-01 -1.334253904927416856e-01
1.705936110932916480e+18 -4.506849268493856586e-01 -1.332133829499909938e-01
1.705936110956164864e+18 -4.520841148112796359e-01 -1.331727493950121965e-01
1.705936110983575808e+18 -4.536884977939705799e-01 -1.334840431631830748e-01
1.705936111008984832e+18 -4.552608314919623922e-01 -1.332433550218690144e-01
1.705936111026357248e+18 -4.565885968652693139e-01 -1.329787315061554953e-01
1.705936111043849984e+18 -4.578252177913816889e-01 -1.325750096116622423e-01
1.705936111063457280e+18 -4.589292874154342616e-01 -1.322882060991383835e-01
1.705936111084683776e+18 -4.597373085150172067e-01 -1.317127444911487533e-01
1.705936111109535232e+18 -4.611448868467484807e-01 -1.310903464564822929e-01
1.705936111143939840e+18 -4.624029902132320569e-01 -1.306347053050131435e-01
1.705936111168107264e+18 -4.631607521136526517e-01 -1.302450176809172300e-01
1.705936111184613120e+18 -4.641389093675890587e-01 -1.305780234579893007e-01
1.705936111200494336e+18 -4.648284549544740574e-01 -1.307806518883801172e-01
1.705936111216629248e+18 -4.652987040436586397e-01 -1.306380221171413725e-01
1.705936111232356096e+18 -4.658498352292657074e-01 -1.302833153152600232e-01
1.705936111248381184e+18 -4.659985483918843707e-01 -1.295550213008591078e-01
1.705936111265307392e+18 -4.659430377488990582e-01 -1.292753978926666492e-01
1.705936111280152320e+18 -4.656495173587429925e-01 -1.291471409714249896e-01
1.705936111296744448e+18 -4.655550192859859160e-01 -1.290990586595061607e-01
1.705936111313032704e+18 -4.654035480308188477e-01 -1.290128241787295849e-01
1.705936111328715264e+18 -4.654818933767880806e-01 -1.287671132329763213e-01
1.705936111336329472e+18 -4.654410680174772552e-01 -1.283961582368570720e-01
1.705936111344641024e+18 -4.653327737988375845e-01 -1.283078311831573337e-01
1.705936111360276480e+18 -4.652579442018724976e-01 -1.280509655094627108e-01
1.705936111368212224e+18 -4.650624209233125139e-01 -1.277471047219252975e-01
1.705936111376577536e+18 -4.649840812070142881e-01 -1.275320755582843857e-01
1.705936111392419840e+18 -4.651680102574589637e-01 -1.276104523021921178e-01
1.705936111408128768e+18 -4.651549087885448741e-01 -1.270353386465741530e-01
1.705936111424609536e+18 -4.651389666419608049e-01 -1.259841904676788915e-01
1.705936111440193280e+18 -4.650091443536762958e-01 -1.248096610237719728e-01
1.705936111460766208e+18 -4.646911442879760323e-01 -1.238699096302293828e-01
1.705936111488333568e+18 -4.643386855636256749e-01 -1.231662495601465318e-01
1.705936111504653056e+18 -4.631354917737779409e-01 -1.228615921985868609e-01
1.705936111520717312e+18 -4.621414458466774344e-01 -1.228816601918693990e-01
1.705936111536478464e+18 -4.613696472108476665e-01 -1.228387677745651496e-01
1.705936111552407552e+18 -4.605810604620205750e-01 -1.229912610845427939e-01
1.705936111568601600e+18 -4.598887892008574063e-01 -1.230576955497801744e-01
1.705936111585569536e+18 -4.591837239941841675e-01 -1.230005953305127187e-01
1.705936111600342528e+18 -4.582775785294143644e-01 -1.228767240515060560e-01
1.705936111616916480e+18 -4.575426407667958495e-01 -1.230067579889211338e-01
1.705936111632483840e+18 -4.567089087215869814e-01 -1.233899184280603106e-01
1.705936111648862976e+18 -4.560857487738042004e-01 -1.240373938146435012e-01
1.705936111664937984e+18 -4.559033311451262671e-01 -1.246543874360622056e-01
1.705936111680356096e+18 -4.558529980275721205e-01 -1.247413722285359988e-01
1.705936111696373760e+18 -4.558547696065792243e-01 -1.249413704237783002e-01
1.705936111712633600e+18 -4.554310124657365844e-01 -1.248836106589767125e-01
1.705936111728471552e+18 -4.547513985310778217e-01 -1.249026251272871979e-01
1.705936111745985792e+18 -4.540032726350536341e-01 -1.251194548351967917e-01
1.705936111764692480e+18 -4.532210833422961604e-01 -1.251526730472473925e-01
1.705936111788743424e+18 -4.525168305437698435e-01 -1.249861030871788625e-01
1.705936111815604992e+18 -4.517819190611027658e-01 -1.243925725865018539e-01
1.705936111844204544e+18 -4.507603960890890216e-01 -1.231275484953736621e-01
1.705936111860875776e+18 -4.492070392029182124e-01 -1.215910344726007508e-01
1.705936111880264704e+18 -4.476100287772558084e-01 -1.221124539591999930e-01
1.705936111904031744e+18 -4.461620985470131084e-01 -1.228831197725522295e-01
1.705936111920115200e+18 -4.445346376628672713e-01 -1.232349054027710028e-01
1.705936111936738560e+18 -4.434414356384346889e-01 -1.232345743309992414e-01
1.705936111952518144e+18 -4.423878490050445755e-01 -1.227674529342032278e-01
1.705936111968731648e+18 -4.412203613867028973e-01 -1.221978448247649368e-01
1.705936111984321280e+18 -4.403760712943610711e-01 -1.221958389226431990e-01
1.705936112000828160e+18 -4.390910582077099389e-01 -1.227215605118002761e-01
1.705936112016521728e+18 -4.375233951349383199e-01 -1.238228168452472494e-01
1.705936112032591104e+18 -4.358830336537776740e-01 -1.251015682548278218e-01
1.705936112048509696e+18 -4.343780671838203267e-01 -1.265982209052559371e-01
1.705936112064998656e+18 -4.329059993137711060e-01 -1.282587534887654201e-01
1.705936112080144896e+18 -4.316673953636095962e-01 -1.294828358409819136e-01
1.705936112098613504e+18 -4.307629038808350463e-01 -1.304550036076720099e-01
1.705936112112425728e+18 -4.299990703341848297e-01 -1.314071171415192862e-01
1.705936112131469056e+18 -4.290435330689887916e-01 -1.323504584961629205e-01
1.705936112145492736e+18 -4.278146019928114052e-01 -1.331987163820822773e-01
1.705936112163471616e+18 -4.267765593922783762e-01 -1.339248486674400884e-01
1.705936112184139008e+18 -4.257623521671185518e-01 -1.345607002497055116e-01
1.705936112204214272e+18 -4.249043244484501658e-01 -1.355431689150225494e-01
1.705936112225035008e+18 -4.239999789582306056e-01 -1.360834346314251098e-01
1.705936112240348928e+18 -4.226640860989952508e-01 -1.369871033313548314e-01
1.705936112256718080e+18 -4.212958798283318873e-01 -1.377529028012439705e-01
1.705936112273008896e+18 -4.200737109589315343e-01 -1.384976810278412129e-01
1.705936112294772992e+18 -4.189263337021441602e-01 -1.389944116062876989e-01
1.705936112324375040e+18 -4.175950950990843236e-01 -1.392077000567012723e-01
1.705936112342096128e+18 -4.165565786017102479e-01 -1.393131560236382238e-01
1.705936112364093952e+18 -4.157330190769331635e-01 -1.390764277229847856e-01
1.705936112386880000e+18 -4.145601148174963280e-01 -1.393444463372010000e-01
1.705936112403069696e+18 -4.136044626072444275e-01 -1.398996401314586135e-01
1.705936112419317760e+18 -4.128292302445167872e-01 -1.402986253795600047e-01
1.705936112435142144e+18 -4.117859471898340784e-01 -1.405084153313837236e-01
1.705936112452389120e+18 -4.107092733803179296e-01 -1.406376453098962809e-01
1.705936112468135424e+18 -4.095977576177904922e-01 -1.406895607418251759e-01
1.705936112486241280e+18 -4.087663637596296029e-01 -1.404665967750414468e-01
1.705936112516819200e+18 -4.078906374492359266e-01 -1.398671361813591252e-01
1.705936112547729152e+18 -4.063898302592219292e-01 -1.393566613969973722e-01
1.705936112565062656e+18 -4.043631395335007817e-01 -1.389360485505156950e-01
1.705936112584230656e+18 -4.025443410719784509e-01 -1.388889640177959905e-01
1.705936112608047616e+18 -4.005696645979945902e-01 -1.394070050426346741e-01
1.705936112625239808e+18 -3.977346883343280126e-01 -1.407707852036026996e-01
1.705936112640950528e+18 -3.950952664472612286e-01 -1.417690564553855115e-01
1.705936112663677184e+18 -3.927431202186328352e-01 -1.426261200366310822e-01
1.705936112680194560e+18 -3.900002954700966251e-01 -1.436179094632417941e-01
1.705936112705774336e+18 -3.876280860554116026e-01 -1.443899701722652917e-01
1.705936112720515328e+18 -3.845148560147094163e-01 -1.458536156406246009e-01
1.705936112736916480e+18 -3.823787106468291563e-01 -1.469556112090368571e-01
1.705936112752341248e+18 -3.806937769893490309e-01 -1.475438876795032161e-01
1.705936112769124608e+18 -3.786519398930091040e-01 -1.481463466240395266e-01
1.705936112784313088e+18 -3.770670656846830116e-01 -1.483065590627030694e-01
1.705936112800328704e+18 -3.755639386438765492e-01 -1.485110974122758054e-01
1.705936112816623616e+18 -3.741142883593304713e-01 -1.483683123668021187e-01
1.705936112832704256e+18 -3.728586479802531439e-01 -1.481256549701770453e-01
1.705936112848500480e+18 -3.716063196158719828e-01 -1.477331760941483496e-01
1.705936112864692992e+18 -3.706552856869958501e-01 -1.472040049250918359e-01
1.705936112880360960e+18 -3.697410116250350320e-01 -1.465383945457896797e-01
1.705936112897324288e+18 -3.690033486400779439e-01 -1.455721287135513520e-01
1.705936112913134592e+18 -3.681651035171339403e-01 -1.442229883070416108e-01
1.705936112928462080e+18 -3.673660730220198456e-01 -1.425810404210212656e-01
1.705936112943963904e+18 -3.667831727806595832e-01 -1.408141415541982744e-01
1.705936112960406272e+18 -3.665592450843391803e-01 -1.389913234787994167e-01
1.705936112982099200e+18 -3.665464602092337043e-01 -1.375218287078222579e-01
1.705936113004070400e+18 -3.667148179865855062e-01 -1.358244489287398216e-01
1.705936113026946816e+18 -3.669949322779164080e-01 -1.333244705612138259e-01
1.705936113043011328e+18 -3.669252710932162653e-01 -1.303172711895862201e-01
1.705936113058733312e+18 -3.667404913524966448e-01 -1.286029196302098665e-01
1.705936113072535040e+18 -3.663786609626875079e-01 -1.271467369805240333e-01
1.705936113091634688e+18 -3.656746105278103620e-01 -1.255758262794740565e-01
1.705936113104796416e+18 -3.651406580880146580e-01 -1.238074551765708520e-01
1.705936113124662528e+18 -3.648074601733112265e-01 -1.215110788494682542e-01
1.705936113155868416e+18 -3.647640751376676760e-01 -1.186735728365133080e-01
1.705936113174406144e+18 -3.648432042864863112e-01 -1.131998986243793887e-01
1.705936113197200896e+18 -3.648004023510873495e-01 -1.097330609182923522e-01
1.705936113219978752e+18 -3.645025897886095545e-01 -1.059569696509680831e-01
1.705936113238089216e+18 -3.644733573828115580e-01 -1.020691435835891642e-01
1.705936113265139200e+18 -3.645564000471360200e-01 -9.907795361046978222e-02
1.705936113286225408e+18 -3.647566391444824752e-01 -9.535346165904849680e-02
1.705936113317992960e+18 -3.647738334829851437e-01 -9.154911764986639611e-02
1.705936113347991552e+18 -3.643534833116716110e-01 -8.668474141408682998e-02
1.705936113364401152e+18 -3.639898160178089981e-01 -8.109698639415981181e-02
1.705936113384064512e+18 -3.641116650945168121e-01 -7.704647688861807064e-02
1.705936113413818368e+18 -3.643777866123611431e-01 -7.213648176437395532e-02
1.705936113444052224e+18 -3.645555115610785712e-01 -6.507319619169607550e-02
1.705936113462381312e+18 -3.644781766557729785e-01 -5.744874412649280532e-02
1.705936113480300800e+18 -3.648736906117115431e-01 -5.237452704413025212e-02
1.705936113504244224e+18 -3.656060362650279671e-01 -4.777203903019196229e-02
1.705936113520156416e+18 -3.667809362419698349e-01 -4.147932540208183749e-02
1.705936113536937216e+18 -3.675802557524308067e-01 -3.655196177374624156e-02
1.705936113552293376e+18 -3.679228628854194216e-01 -3.264863326320625869e-02
1.705936113568927232e+18 -3.681161756683882236e-01 -2.937918487749235572e-02
1.705936113585085440e+18 -3.683272925274109766e-01 -2.642772118846280216e-02
1.705936113600408064e+18 -3.686388489653915079e-01 -2.353173033544999140e-02
1.705936113616444672e+18 -3.691705647446442140e-01 -2.075751153305377059e-02
1.705936113632631296e+18 -3.697860410902142347e-01 -1.787197622043024473e-02
1.705936113648161024e+18 -3.705144443549484579e-01 -1.488505104194812884e-02
1.705936113664494336e+18 -3.712039368157933894e-01 -1.156581259491947303e-02
1.705936113680440576e+18 -3.719229691757856560e-01 -8.134883170047757864e-03
1.705936113696606208e+18 -3.725354991959737294e-01 -4.874562491735455125e-03
1.705936113712335360e+18 -3.732226808497068338e-01 -1.644548988496295251e-03
1.705936113728500992e+18 -3.740289424854904565e-01 1.908617947753820775e-03
1.705936113744211968e+18 -3.751304615652179542e-01 5.616954663983760726e-03
1.705936113760560384e+18 -3.762349211769996371e-01 9.791192255380137821e-03
1.705936113776705792e+18 -3.774905300525386309e-01 1.432413367402641385e-02
1.705936113792499456e+18 -3.786993507786868829e-01 1.903123505977928273e-02
1.705936113808202496e+18 -3.799792742694472203e-01 2.436166046926165063e-02
1.705936113824368640e+18 -3.808855043173605126e-01 2.824444585666113783e-02
1.705936113840501760e+18 -3.817004846057777123e-01 3.273454130117776223e-02
1.705936113856548864e+18 -3.821368295082863686e-01 3.677384208450136527e-02
1.705936113872414976e+18 -3.826811732738168437e-01 4.095848365482181869e-02
1.705936113888628736e+18 -3.832180364165849729e-01 4.513364948261446019e-02
1.705936113905174272e+18 -3.838719331892180286e-01 4.906186542971183173e-02
1.705936113920578048e+18 -3.841471773675181889e-01 5.275451664034273846e-02
1.705936113936281088e+18 -3.844370142770243692e-01 5.663230046540663337e-02
1.705936113952743424e+18 -3.845148392944771065e-01 5.922099986005810446e-02
1.705936113972875776e+18 -3.846010747743384695e-01 6.432116434582939302e-02
1.705936113995995904e+18 -3.848303151668217015e-01 6.880012770418678092e-02
1.705936114016305920e+18 -3.850577791931242833e-01 7.459886346711042115e-02
1.705936114032020992e+18 -3.853491519304730883e-01 7.975490084989657336e-02
1.705936114048800256e+18 -3.855712843227404041e-01 8.506082119746070924e-02
1.705936114064829184e+18 -3.861467686596863347e-01 9.068430958922203688e-02
1.705936114080545792e+18 -3.866488141905732312e-01 9.672611587870397210e-02
1.705936114096405248e+18 -3.874124637488822187e-01 1.031185185729495968e-01
1.705936114112494592e+18 -3.880487987596419330e-01 1.095165777886999980e-01
1.705936114128286208e+18 -3.888202888554927461e-01 1.160659414936275197e-01
1.705936114144936448e+18 -3.891269049545209024e-01 1.220738902761337175e-01
1.705936114160160512e+18 -3.889689165890095057e-01 1.268860996448167577e-01
1.705936114177041152e+18 -3.884877374658465277e-01 1.316130834806724659e-01
1.705936114192433408e+18 -3.878987597030443268e-01 1.355075133570995960e-01
1.705936114208646400e+18 -3.875596397096597867e-01 1.393356860514960438e-01
1.705936114224729088e+18 -3.871875411992610760e-01 1.433598512082171483e-01
1.705936114240691968e+18 -3.870583219846106537e-01 1.475518260655908354e-01
1.705936114256331776e+18 -3.868365884262868204e-01 1.513227041527913652e-01
1.705936114272407296e+18 -3.866214197091329963e-01 1.549289170053231579e-01
1.705936114288446464e+18 -3.864380949509319541e-01 1.581514641553067591e-01
1.705936114305255424e+18 -3.860558488317105130e-01 1.613544772782139203e-01
1.705936114320371712e+18 -3.855656924425476806e-01 1.641254199546180459e-01
1.705936114336511744e+18 -3.850227021895620827e-01 1.665683683434283913e-01
1.705936114352237824e+18 -3.846165785919211655e-01 1.686054968986189229e-01
1.705936114368552448e+18 -3.842959423647113737e-01 1.702170985488666022e-01
1.705936114384544256e+18 -3.840103345742830188e-01 1.717390039525073797e-01
1.705936114401078272e+18 -3.837180863719784618e-01 1.733135092784535702e-01
1.705936114416363264e+18 -3.833548316013494772e-01 1.747126616669784083e-01
1.705936114432738048e+18 -3.831085171196211836e-01 1.758469232657582648e-01
1.705936114448416256e+18 -3.827946227537894486e-01 1.768275237455314008e-01
1.705936114468199936e+18 -3.824576373436178178e-01 1.779301431318661419e-01
1.705936114483403520e+18 -3.821136717898561685e-01 1.789567540158574499e-01
1.705936114502147584e+18 -3.815912760233170498e-01 1.798475618584663982e-01
1.705936114534187264e+18 -3.810328399298558710e-01 1.808138051713295558e-01
1.705936114564409856e+18 -3.804286018948170311e-01 1.825736982310708356e-01
1.705936114583885568e+18 -3.799174092076878506e-01 1.853694990551921218e-01
1.705936114603435008e+18 -3.794582701970862781e-01 1.882353722772019677e-01
1.705936114626851840e+18 -3.791715735001323084e-01 1.907674370448913248e-01
1.705936114642987520e+18 -3.785341930282076772e-01 1.932668230506490170e-01
1.705936114660957696e+18 -3.779240621486656404e-01 1.953488556055660852e-01
1.705936114693470720e+18 -3.773562086399034898e-01 1.971002764233434346e-01
1.705936114725169408e+18 -3.765162016455737004e-01 1.995273593956088665e-01
1.705936114752030208e+18 -3.758017392374053411e-01 2.033145809999916120e-01
1.705936114768189184e+18 -3.754572973404537439e-01 2.068800043097610564e-01
1.705936114784279808e+18 -3.751540555731529003e-01 2.092285937042613064e-01
1.705936114800330496e+18 -3.747323629795157318e-01 2.108964906853037780e-01
1.705936114816780800e+18 -3.746009318060251614e-01 2.120924048299656917e-01
1.705936114832503040e+18 -3.750562955808259824e-01 2.127999794406602863e-01
1.705936114848641792e+18 -3.756349411779180136e-01 2.135442543165434193e-01
1.705936114864938496e+18 -3.763361819936406616e-01 2.146840879729127738e-01
1.705936114880628992e+18 -3.770548561768682916e-01 2.163365536258968214e-01
1.705936114896393984e+18 -3.778208176124623896e-01 2.186112041201004608e-01
1.705936114912690944e+18 -3.786426729965134408e-01 2.207789750710999199e-01
1.705936114928539648e+18 -3.795344026595141029e-01 2.227300556915926544e-01
1.705936114945371648e+18 -3.804253386980736562e-01 2.245671117584743248e-01
1.705936114960359168e+18 -3.811075015153336243e-01 2.263821812077772555e-01
1.705936114976619264e+18 -3.816522066730677065e-01 2.279051388948333812e-01
1.705936114992244480e+18 -3.823236245473679573e-01 2.289324991681264687e-01
1.705936115012399872e+18 -3.826962370694785842e-01 2.298538014692173836e-01
1.705936115044939520e+18 -3.831447483075145488e-01 2.302249630164206751e-01
1.705936115075583232e+18 -3.834418560737870574e-01 2.301998292554722769e-01
1.705936115088288000e+18 -3.837265383981002254e-01 2.301462890771568681e-01
1.705936115104106240e+18 -3.845870174562046051e-01 2.297834088566977073e-01
1.705936115120174080e+18 -3.851214451720543774e-01 2.298295947963269470e-01
1.705936115137140480e+18 -3.856926766429277786e-01 2.299691853660280616e-01
1.705936115152633088e+18 -3.859568635988474550e-01 2.304649115543472015e-01
1.705936115172663296e+18 -3.864485413509605172e-01 2.310122131269198020e-01
1.705936115209686528e+18 -3.869735429869371468e-01 2.315486958953016372e-01
1.705936115236863232e+18 -3.881110217918690708e-01 2.307640054699697796e-01
1.705936115267064832e+18 -3.886809104914438762e-01 2.292423201157908208e-01
1.705936115280226816e+18 -3.886255433768723289e-01 2.276124674950608384e-01
1.705936115299941376e+18 -3.885512616106799322e-01 2.264450508527144079e-01
1.705936115316715008e+18 -3.883955739134237750e-01 2.254702434272298772e-01
1.705936115336685312e+18 -3.881767158447231858e-01 2.247065502157458983e-01
1.705936115360764928e+18 -3.881280025474097006e-01 2.237664704656290304e-01
1.705936115376353280e+18 -3.880136312868098791e-01 2.224321621186785558e-01
1.705936115392413184e+18 -3.876989082459904035e-01 2.211312609524042627e-01
1.705936115408534784e+18 -3.874578558756394675e-01 2.203048510150711903e-01
1.705936115424829952e+18 -3.872248497439281234e-01 2.192888202485907823e-01
1.705936115440173568e+18 -3.870458060933525957e-01 2.183924276341573378e-01
1.705936115456773376e+18 -3.867276028614316519e-01 2.173685121926738628e-01
1.705936115472082688e+18 -3.865535628866458295e-01 2.159765236344436401e-01
1.705936115488536576e+18 -3.861714422688985460e-01 2.146573168432033552e-01
1.705936115506902784e+18 -3.857242134422106394e-01 2.134045819827284918e-01
1.705936115520327680e+18 -3.848331271556169053e-01 2.114354029232263232e-01
1.705936115536608512e+18 -3.844136358597731729e-01 2.102564894747915025e-01
1.705936115552720640e+18 -3.837861564487285437e-01 2.088610108023420953e-01
1.705936115568339712e+18 -3.831463073764675986e-01 2.073940288627829365e-01
